UID,ID10,ETAG,BRD,ID,YR,SEX,LINE,SEA,STM,PEN,SIRE,DAM,RGRP,F1,DNA,ELG,PD,LOT,BAND,SPRGWT,FALLWT,BAG,GRP,DISP,DAYDIS,TRT,BPEN,BGRP,AGE,RMK,YRREC
00IN00001,1993003186, 3186,00, 5555,93,2,00,1,00,-Z-,000010,000000,7,,,,U,LIM,3,187,175,2,,,,,U,A,7.0,,2000
00IN00002,1993003237, 3237,00, 5053,93,2,00,1,00,-Z-,000010,000000,7,,,,U,LIM,3,169,176,2,,,,,U,A,7.0,,2000
00IN00003,1996006002, 6002,00, 6002,96,2,00,1,00,,000044, 57800,7,,,,1,LIM,1,162,172,2,,,,,BF,3,4.0,,2000
00IN00004,1996006006, 6006,00, 6006,96,2,00,1,00,,000044,502200,7,,,,1,LIM,3,180,175,2,,,,,BF,3,4.0,,2000
00IN00005,1996006013, 6013,00, 6013,96,2,00,1,00,,000044,907300,7,,,,1,LIM,3,157,142,2,,,,,BF,3,4.0,,2000
00IN00006,1996006022, 6022,00, 6022,96,2,00,1,00,,000044,254000,7,,,,1,LIM,3,152,163,2,,,,,BF,3,4.0,,2000
00IN00007,1996006036, 6036,00, 6036,96,2,00,1,00,,000044,107400,7,,,,U,LIM,1,147,136,2,,,,,U,A,4.0,,2000
00IN00008,1996006037, 6037,00, 6037,96,2,00,1,00,,000044,107400,7,,,,U,LIM,1,163,150,2,,,,,U,A,4.0,,2000
00IN00009,1996006038, 6038,00, 6038,96,2,00,1,00,,000044,  8800,7,,,,U,LIM,3,166,158,3,,,,,U,A,4.0,,2000
00IN00010,1996006046, 6046,00, 6046,96,2,00,1,00,,000044,551000,7,,,,K,LIM,K,167,0,0,,,,,KNA,3,4.0,,2000
00IN00011,1996006050, 6050,00, 6050,96,2,00,1,00,,000044,200100,7,,,,7,LIM,3,176,0,0,,97,0929,,,,4.0,MSG 10/19 AI,2000
00IN00012,1996006052, 6052,00, 6052,96,2,00,1,00,,000044,500500,7,,,,1,LIM,3,181,164,4,,,,,BF,3,4.0,,2000
00IN00013,1996006054, 6054,00, 6054,96,2,00,1,00,,000044,450900,7,,,,1,LIM,1,197,177,2,,,,,BF,3,4.0,,2000
00IN00014,1996006059, 6059,00, 6059,96,2,00,1,00,,000044,513200,7,,,,1,LIM,3,171,190,2,,,,,BF,3,4.0,,2000
00IN00015,1996006060, 6060,00, 6060,96,2,00,1,00,,000044,905100,7,,,,K,LIM,K,136,0,0,,,,,KNA,3,4.0,?ABORTED 4/98,2000
00IN00016,1996006062, 6062,00, 6062,96,2,00,1,00,,000044,018805,7,,,,U,LIM,1,178,165,2,,,,,U,A,4.0,,2000
00IN00017,1996006065, 6065,00, 6065,96,2,00,1,00,,000044,201400,7,,,,6,LIM,*,0,0,0,,88,0401,,,,4.0,HYDROPS,2000
00IN00018,1996006071, 6071,00, 6071,96,2,00,1,00,,000044,209000,7,,,,1,LIM,3,163,158,2,,,,,BF,3,4.0,,2000
00IN00019,1996006073, 6073,00, 6073,96,2,00,1,00,,000044,504500,7,,,,1,LIM,3,156,148,2,,,,,BF,3,4.0,,2000
00IN00020,1996006077, 6077,00, 6077,96,2,00,1,00,,000044,155200,7,,,,1,LIM,2,170,162,2,,,,,BF,3,4.0,BIG HARD BAG,2000
00IN00021,1996006079, 6079,00, 6079,96,2,00,1,00,,000044, 56200,7,,,,1,LIM,2,165,150,2,,,,,BF,3,4.0,,2000
00IN00022,1996006080, 6080,00, 6080,96,2,00,1,00,,000044, 56200,7,,,,1,LIM,2,199,176,2,,,,,BF,3,4.0,,2000
00IN00023,1996006083, 6083,00, 6083,96,2,00,1,00,,000044,108900,7,,,,U,LIM,1,200,200,2,,,,,U,A,4.0,,2000
00IN00024,1996006087, 6087,00, 6087,96,2,00,1,00,,000044,157300,7,,,,U,LIM,2,162,162,2,,,,,U,A,4.0,,2000
00IN00025,1996006096, 6096,00, 6096,96,2,00,1,00,,000044,508400,7,,,,1,LIM,1,199,180,2,,,,,BF,3,4.0,,2000
00IN00026,1996006112, 6112,00, 6112,96,2,00,1,00,,000044, 51700,7,,,,1,LIM,3,146,155,2,,,,,BF,3,4.0,,2000
00IN00027,1996006115, 6115,00, 6115,96,2,00,1,00,,000044,154800,7,,,,U,LIM,1,161,170,2,,,,,U,A,4.0,,2000
00IN00028,1996006122, 6122,00, 6122,96,2,00,1,00,,000044,209300,7,,,,1,LIM,3,179,181,2,,,,,BF,3,4.0,,2000
00IN00029,1996006124, 6124,00, 6124,96,2,00,1,00,,000044,253400,7,,,,U,LIM,1,135,138,3,,,,,U,A,4.0,,2000
00IN00030,1996006130, 6130,00, 6130,96,2,00,1,00,,000044,103500,7,,,,7,LIM,3,159,0,0,,97,0929,,,,4.0,,2000
00IN00031,1996006133, 6133,00, 6133,96,2,00,1,00,,000044, 52100,7,,,,1,LIM,3,176,169,2,,,,,BF,3,4.0,,2000
00IN00032,1996006138, 6138,00, 6138,96,2,00,1,00,,000044,253900,7,,,,1,LIM,3,168,164,2,,,,,BF,3,4.0,,2000
00IN00033,1996006143, 6143,00, 6143,96,2,00,1,00,,000044, 52000,7,,,,1,LIM,3,173,163,2,,,,,BF,3,4.0,,2000
00IN00034,1996006149, 6149,00, 6149,96,2,00,1,00,,000044,508000,7,,,,1,LIM,3,167,138,2,,,,,BF,3,4.0,,2000
00IN00035,1996006156, 6156,00, 6156,96,2,00,1,00,,000044,254500,7,,,,U,LIM,2,199,184,2,,,,,U,A,4.0,,2000
00IN00036,1996006171, 6171,00, 6171,96,2,00,1,00,,000044,  6500,7,,,,1,LIM,3,159,165,2,,,,,BF,3,4.0,,2000
00IN00037,1996006172, 6172,00, 6172,96,2,00,1,00,,000044,085205,7,,,,1,LIM,3,167,157,2,,,,,BF,3,4.0,,2000
00IN00038,1996006174, 6174,00, 6174,96,2,00,1,00,,000044,106300,7,,,,U,LIM,3,158,183,2,,,,,U,A,4.0,"VLTS, X",2000
00IN00039,1996006178, 6178,00, 6178,96,2,00,1,00,,000044, 55600,7,,,,U,LIM,2,164,174,4,,,,,U,A,4.0,,2000
00IN00040,1996006182, 6182,00, 6182,96,2,00,1,00,,000044,206200,7,,,,1,LIM,3,152,151,2,,,,,BF,3,4.0,"LIM,THIN",2000
00IN00041,1996006183, 6183,00, 6183,96,2,00,1,00,,000044,201200,7,,,,U,LIM,2,188,193,2,,,,,U,A,4.0,,2000
00IN00042,1996006191, 6191,00, 6191,96,2,00,1,00,,000044,452600,7,,,,1,LIM,3,168,158,2,,,,,BF,3,4.0,TAG IN 9/1 ?,2000
00IN00043,1996006192, 6192,00, 6192,96,2,00,1,00,,000044,202500,7,,,,1,LIM,3,161,157,2,,,,,BF,3,4.0,,2000
00IN00044,1996006195, 6195,00, 6195,96,2,00,1,00,,000044,153900,7,,,,U,LIM,2,187,174,2,,,,,U,A,4.0,,2000
00IN00045,1996006196, 6196,00, 6196,96,2,00,1,00,,000044,153900,7,,,,3,LIM,3,167,157,2,,93,1002,,,,4.0,RUPTURE X,2000
00IN00046,1996006198, 6198,00, 6198,96,2,00,1,00,,000044, 51200,7,,,,1,LIM,3,152,169,2,,,,,BF,3,4.0,,2000
00IN00047,1996006199, 6199,00, 6199,96,2,00,1,00,,000044, 56500,7,,,,U,LIM,2,213,196,2,,,,,U,A,4.0,FIX BIG TAG**,2000
00IN00048,1996006213, 6213,00, 6213,96,2,00,1,00,,000044, 53300,7,,,,1,LIM,3,176,161,2,,,,,BF,3,4.0,,2000
00IN00049,1996006226, 6226,00, 6226,96,2,00,1,00,,000044,028605,7,,,,U,LIM,2,141,142,2,,,,,U,A,4.0,,2000
00IN00050,1996006229, 6229,00, 6229,96,2,00,1,00,,000044,  4500,7,,,,1,LIM,3,167,162,2,,,,,BF,3,4.0,,2000
00IN00051,1996006236, 6236,00, 6236,96,2,00,1,00,,000044,505700,7,,,,U,LIM,3,179,173,11,,,,,U,A,4.0,1TAG,2000
00IN00052,1996006237, 6237,00, 6237,96,2,00,1,00,,000044,505700,7,,,,6,RUM,*,0,0,0,R,95,0208,,,,4.0,LOW PROD.,2000
00IN00053,1996006242, 6242,00, 6242,96,2,00,1,00,,000044,505300,7,,,,1,LIM,3,173,177,1,,,,,BF,3,4.0,,2000
00IN00054,1996006249, 6249,00, 6249,96,2,00,1,00,,000044,034705,7,,,,1,LIM,3,162,163,2,,,,,BF,3,4.0,,2000
00IN00055,1996006256, 6256,00, 6256,96,2,00,1,00,,000044,  6800,7,,,,1,LIM,3,182,156,2,,,,,BF,3,4.0,TRT R EYE,2000
00IN00056,1996006259, 6259,00, 6259,96,2,00,1,00,,000044, 57700,7,,,,U,LIM,1,141,129,2,,,,,U,A,4.0,,2000
00IN00057,1996006266, 6266,00, 6266,96,2,00,1,00,,000044,455600,7,,,,1,LIM,3,156,177,2,,,,,BF,3,4.0,** CHK TAG **,2000
00IN00058,1996006268, 6268,00, 6268,96,2,00,1,00,,000044,555600,7,,,,1,LIM,3,187,165,2,,,,,BF,3,4.0,** CHK TAG **,2000
00IN00059,1996006273, 6273,00, 6273,96,2,00,1,00,,000044,029805,7,,,,U,LIM,5,190,190,1,,95,1115,,U,A,4.0,,2000
00IN00060,1996006282, 6282,00, 6282,96,2,00,1,00,,000044,457100,7,,,,U,LIM,1,166,158,3,,,,,U,A,4.0,OVINE DOLLY,2000
00IN00061,1996006293, 6293,00, 6293,96,2,00,1,00,,000044,503200,7,,,,U,LIM,1,187,184,2,,,,,U,A,4.0,BIG BAG,2000
00IN00062,1996006294, 6294,00, 6294,96,2,00,1,00,,000044,911300,7,,,,1,LIM,3,176,163,2,,,,,BF,3,4.0,,2000
00IN00063,1996006316, 6316,00, 6316,96,2,00,1,00,,000044, 51300,7,,,,1,LIM,3,163,146,2,,,,,BF,3,4.0,,2000
00IN00064,1996006371, 6371,00, 6371,96,2,00,1,00,,000044,508700,7,,,,1,LIM,3,167,152,2,,,,,BF,3,4.0,,2000
00IN00065,1996006377, 6377,00, 6377,96,2,00,1,00,,000044,200500,7,,,,U,LIM,3,158,160,4,,,,,U,A,4.0,JAW OK,2000
00IN00066,1996006402, 6402,00, 6402,96,2,00,1,00,,000044,901600,7,,,,1,LIM,3,177,176,2,,,,,BF,3,4.0,,2000
00IN00067,1996006419, 6419,00, 6419,96,2,00,1,00,,000044, 50800,7,,,,U,LIM,2,179,165,4,,,,,U,A,4.0,,2000
00IN00068,1996006421, 6421,00, 6421,96,2,00,1,00,,000044,101700,7,,,,1,LIM,3,158,138,2,,,,,BF,3,4.0,,2000
00IN00069,1996006428, 6428,00, 6428,96,2,00,1,00,,000044,451800,7,,,,1,LIM,3,170,180,2,,,,,BF,3,4.0,,2000
00IN00070,1996006437, 6437,00, 6437,96,2,00,1,00,,000044,550300,7,,,,U,LIM,1,189,168,2,,,,,U,A,4.0,,2000
00IN00071,1996006452, 6452,00, 6452,96,2,00,1,00,,000044,459900,7,,,,1,LIM,3,187,175,2,,,,,BF,3,4.0,,2000
00IN00072,1997007055, 7055,00, 7055,97,2,00,1,00,,000044,512700,7,,,,1,LIM,3,170,161,2,,,,R,BF,3,3.0,?BLED 12/1,2000
00IN00073,1997007058, 7058,00, 7058,97,2,00,1,00,,000044,953100,7,,,,2, 83,1,191,169,2,,92,0921,R,,,3.0,,2000
00IN00074,1997007060, 7060,00, 7060,97,2,00,1,00,,000044, 54200,7,,,,2, 83,1,162,170,2,,92,0921,R,,,3.0,,2000
00IN00075,1997007067, 7067,00, 7067,97,2,00,1,00,,000044,  2700,7,,,,1,LIM,3,161,164,2,,,,G,BF,3,3.0,,2000
00IN00076,1997007105, 7105,00, 7105,97,2,00,1,00,,000044,005105,7,,,,2, 84,2,157,163,2,,92,0921,R,,,3.0,,2000
00IN00077,1997007123, 7123,00, 7123,97,2,00,1,00,,000044,458300,7,,,,2, 84,1,137,139,3,,92,0921,R,,,3.0,LTS,2000
00IN00078,1997007124, 7124,00, 7124,97,2,00,1,00,,000044,201200,7,,,,6,LIM,3,147,0,0,,16,0503,R,,,3.0,DEAD,2000
00IN00079,1997007133, 7133,00, 7133,97,2,00,1,00,,000044,556500,7,,,,2, 83,1,165,166,2,,92,0921,R,,,3.0,,2000
00IN00080,1997007134, 7134,00, 7134,97,2,00,1,00,,000044, 57700,7,,,,U,LIM,3,152,170,11,,,,R,U,A,3.0,,2000
00IN00081,1997007144, 7144,00, 7144,97,2,00,1,00,,000044,100400,7,,,,2, 83,2,169,166,2,,92,0921,R,,,3.0,FIX BIG TAG,2000
00IN00082,1997007153, 7153,00, 7153,97,2,00,1,00,,000044,554800,7,,,,U,LIM,2,149,142,2,,,,R,U,A,3.0,BIG HARD BAG,2000
00IN00083,1997007156, 7156,00, 7156,97,2,00,1,00,,000044,061005,7,,,,2, 84,1,161,161,2,,92,0921,R,,,3.0,THIN,2000
00IN00084,1997007158, 7158,00, 7158,97,2,00,1,00,,000044,100400,7,,,,K,LIM,K,139,0,0,,,,R,KNA,3,3.0,,2000
00IN00085,1997007164, 7164,00, 7164,97,2,00,1,00,,000044,250400,7,,,,U,LIM,5,177,192,1,,,,G,U,A,3.0,,2000
00IN00086,1997007167, 7167,00, 7167,97,2,00,1,00,,000044,157300,7,,,,7,LIM,1,178,0,0,,97,0915,G,,,3.0,,2000
00IN00087,1997007168, 7168,00, 7168,97,2,00,1,00,,000044, 51200,7,,,,U,LIM,2,155,153,11,,,,G,U,A,3.0,"MASTITIS,R.",2000
00IN00088,1997007205, 7205,00, 7205,97,2,00,1,00,,000044,508000,7,,,,6,LIM,3,160,0,0,,04,0628,G,,,3.0,"LAME,RR ok",2000
00IN00089,1997007215, 7215,00, 7215,97,2,00,1,00,,000044,904500,7,,,,2, 84,1,150,155,2,,92,0921,G,,,3.0,,2000
00IN00090,1997007224, 7224,00, 7224,97,2,00,1,00,,000044,108700,7,,,,1,LIM,3,161,158,2,,,,R,BF,3,3.0,NO MARK,2000
00IN00091,1997007252, 7252,00, 7252,97,2,00,1,00,,000044,403500,7,,,,2, 84,1,157,161,2,,92,0921,G,,,3.0,,2000
00IN00092,1997007253, 7253,00, 7253,97,2,00,1,00,,000044, 52000,7,,,,3,LIM,3,183,184,12,,93,1002,R,,,3.0,,2000
00IN00093,1997007256, 7256,00, 7256,97,2,00,1,00,,000044,508400,7,,,,1,LIM,3,161,155,2,,,,R,BF,3,3.0,,2000
00IN00094,1997007274, 7274,00, 7274,97,2,00,1,00,,000044,031405,7,,,,2, 83,1,180,166,2,,92,0921,G,,,3.0,,2000
00IN00095,1997007283, 7283,00, 7283,97,2,00,1,00,,000044, 55300,7,,,,2, 84,1,153,143,2,,92,0921,G,,,3.0,,2000
00IN00096,1997007295, 7295,00, 7295,97,2,00,1,00,,000044,462600,7,,,,1,LIM,3,167,177,2,,,,G,BF,3,3.0,MSG 10/19 AI,2000
00IN00097,1997007297, 7297,00, 7297,97,2,00,1,00,,000044,452500,7,,,,2, 83,2,195,186,2,,92,0921,R,,,3.0,DYSTOCIA,2000
00IN00098,1997007300, 7300,00, 7300,97,2,00,1,00,,000044,911100,7,,,,6,LIM,2,165,0,0,,05,0502,R,,,3.0,MASTITIS 5/2,2000
00IN00099,1997007316, 7316,00, 7316,97,2,00,1,00,,000044,105100,7,,,,2, 84,1,152,154,2,,92,0921,R,,,3.0,STRAY 5/5/99,2000
00IN00100,1997007324, 7324,00, 7324,97,2,00,1,00,,000044,211000,7,,,,1,LIM,3,162,155,2,,,,R,BF,3,3.0,,2000
00IN00101,1997007337, 7337,00, 7337,97,2,00,1,00,,000044,900300,7,,,,2, 83,1,169,175,2,,92,0921,G,,,3.0,,2000
00IN00102,1997007340, 7340,00, 7340,97,2,00,1,00,,000044, 56500,7,,,,1,LIM,3,169,179,2,,,,R,BF,3,3.0,,2000
00IN00103,1997007395, 7395,00, 7395,97,2,00,1,00,,000044,515700,7,,,,1,LIM,3,186,180,2,,,,G,BF,3,3.0,TRT R.EYE '98,2000
00IN00104,1997007412, 7412,00, 7412,97,2,00,1,00,,000044,   600,7,,,,1,LIM,3,156,155,2,,,,R,BF,3,3.0,,2000
00IN00105,1997007414, 7414,00, 7414,97,2,00,1,00,,000044,514300,7,,,,1,LIM,3,150,155,2,,,,R,BF,3,3.0,,2000
00IN00106,1997007416, 7416,00, 7416,97,2,00,1,00,,000044,050005,7,,,,U,LIM,5,151,188,1,,,,R,U,A,3.0,,2000
00IN00107,1997007417, 7417,00, 7417,97,2,00,1,00,,000044,254100,7,,,,1,LIM,3,169,154,2,,,,R,BF,3,3.0,,2000
00IN00108,1997007426, 7426,00, 7426,97,2,00,1,00,,000044,501900,7,,,,1,LIM,3,155,151,2,,,,R,BF,3,3.0,,2000
00IN00109,1997007439, 7439,00, 7439,97,2,00,1,00,,000044,109800,7,,,,U,LIM,3,174,169,2,,,,G,U,A,3.0,,2000
00IN00110,1997007446, 7446,00, 7446,97,2,00,1,00,,000044,206100,7,,,,U,LIM,5,167,191,1,,,,G,U,A,3.0,,2000
00IN00111,1997007485, 7485,00, 7485,97,2,00,1,00,,000044,033005,7,,,,1,LIM,3,172,184,2,,,,R,BF,3,3.0,,2000
00IN00112,1998008009, 8009,00, 8009,98,2,00,1,92,L-0,000044,931263,1,,,0,3,BLK,2,155,147,2,B,93,1002,,,,2.0,PINTO X,2000
00IN00113,1998008012, 8012,00, 8012,98,2,00,1,92,L-0,000044,931463,1,,,0,3,BLK,H,150,142,2,B,93,1002,,,,2.0,"CRIPPLE, BLK.",2000
00IN00114,1998008013, 8013,00, 8013,98,2,00,1,07,L-1,000010,775910,7,,,,1,LIM,3,144,142,2,,,,,BF,3,2.0,,2000
00IN00115,1998008015, 8015,00, 8015,98,2,00,1,03,L-0,000044,979263,7,,,,U,LIM,3,161,154,2,,,,,U,A,2.0,T X C ewe,2000
00IN00116,1998008018, 8018,00, 8018,98,2,00,1,92,L-0,000044,948363,1,,,0,1,BLK,2,140,133,2,B,,,,01,1,2.0,PINTO MARKER,2000
00IN00117,1998008019, 8019,00, 8019,98,2,00,1,07,L-1,000010,778810,7,,,,1,LIM,3,137,143,2,,,,,BF,3,2.0,WEAK,2000
00IN00118,1998008027, 8027,00, 8027,98,2,00,1,07,L-1,000010,732600,7,,,,1,LIM,3,155,170,2,,,,,BF,3,2.0,,2000
00IN00119,1998008028, 8028,00, 8028,98,2,00,1,92,L-0,000044,949063,1,,,0,1,BLK,1,142,147,2,B,,,,02,1,2.0,BLACK MARKER,2000
00IN00120,1998008036, 8036,00, 8036,98,1,00,1,30,L-7,346704,373504,7,,,,3,LIM,M,214,231,0,,93,0812,,,,2.0,ABS.BRISKET,2000
00IN00121,1998008039, 8039,00, 8039,98,2,00,1,07,L-1,000010,725600,7,,,,1,LIM,3,126,161,1,,,,,BF,3,2.0,,2000
00IN00122,1998008040, 8040,00, 8040,98,2,00,1,07,L-1,000010,741200,7,,,,1,LIM,3,142,141,2,,,,,BF,3,2.0,,2000
00IN00123,1998008050, 8050,00, 8050,98,2,00,1,03,L-0,000044,978963,7,,,,U,LIM,3,166,155,2,,,,,U,A,2.0,T X C ewe,2000
00IN00124,1998008059, 8059,00, 8059,98,2,00,1,07,L-1,000010,831510,2,,,,3,OVX,*,0,0,0,X,,,,,,2.0,POLYPAY?OVX,2000
00IN00125,1998008062, 8062,00, 8062,98,2,00,1,92,L-0,000044,953863,1,,,0,3,BLK,2,159,152,2,B,93,1002,,,,2.0,PINTO X,2000
00IN00126,1998008063, 8063,00, 8063,98,2,00,1,07,L-1,000010,830910,7,,,,1,LIM,3,153,157,2,,,,,BF,3,2.0,PNEUMONIA?,2000
00IN00127,1998008077, 8077,00, 8077,98,2,00,1,07,L-1,000010,888010,7,,,,1,LIM,3,133,121,2,,,,,BF,3,2.0,HAIRY,2000
00IN00128,1998008084, 8084,00, 8084,98,2,00,1,07,L-1,000010,741400,7,,,,1,LIM,3,130,134,2,,,,,BF,3,2.0,BLK. EAR,2000
00IN00129,1998008091, 8091,00, 8091,98,2,00,1,07,L-1,000010,728300,7,,,,1,LIM,3,127,137,2,,,,,BF,3,2.0,,2000
00IN00130,1998008111, 8111,00, 8111,98,2,00,1,92,L-0,000044,960763,1,,,0,3,BLK,3,175,167,2,B,93,1002,,,,2.0,BLACK MARKER,2000
00IN00131,1998008113, 8113,00, 8113,98,2,00,1,07,L-1,000010,729700,7,,,,1,LIM,3,124,121,1,,,,,BF,3,2.0,,2000
00IN00132,1998008119, 8119,00, 8119,98,2,00,1,07,L-1,000010,858510,7,,,,K,LIM,K,119,0,0,,,,,KNA,3,2.0,,2000
00IN00133,1998008122, 8122,00, 8122,98,2,00,1,07,L-1,000010,869910,7,,,,1,LIM,3,157,161,2,,,,,BF,3,2.0,,2000
00IN00134,1998008136, 8136,00, 8136,98,2,00,1,03,L-0,000044,971563,7,,,,O,OVX,5,141,167,1,X,,,,,,2.0,"T X C ewe,OVX",2000
00IN00135,1998008137, 8137,00, 8137,98,2,00,1,07,L-1,000010,706000,7,,,,6,LIM,3,126,0,0,,16,0507,,,,2.0,DEAD,2000
00IN00136,1998008142, 8142,00, 8142,98,2,00,1,92,L-0,000044,938363,1,,,0,1,BLK,1,143,141,2,B,,,,03,1,2.0,BLACK MARKER,2000
00IN00137,1998008147, 8147,00, 8147,98,2,00,1,92,L-0,000044,950663,1,,,0,1,BLK,1,141,137,2,B,,,,04,1,2.0,BLACK MARKER,2000
00IN00138,1998008150, 8150,00, 8150,98,2,00,1,07,L-1,000010,813510,7,,,,1,LIM,3,121,152,2,,,,,BF,3,2.0,,2000
00IN00139,1998008179, 8179,00, 8179,98,2,00,1,07,L-1,000010,731600,7,,,,K,LIM,K,126,0,0,,,,,KNA,3,2.0,4TEATS,2000
00IN00140,1998008202, 8202,00, 8202,98,2,00,1,30,L-6,312904,382404,7,,,,1,LIM,3,143,126,2,,,,,56,2,2.0,COARSE,2000
00IN00141,1998008203, 8203,00, 8203,98,2,00,1,30,L-7,346704,297304,7,,,,U,LIM,5,135,154,2,,95,1211,,U,A,2.0,"DRY, 2DAB",2000
00IN00142,1998008204, 8204,00, 8204,98,2,00,1,30,L-7,346704,297304,7,,,,1,LIM,3,127,125,2,,,,,54,2,2.0,,2000
00IN00143,1998008209, 8209,00, 8209,98,2,00,1,06,L-2,890163,874363,7,,,,1,LIM,3,164,192,2,,,,,01,1,2.0,,2000
00IN00144,1998008210, 8210,00, 8210,98,2,00,1,06,L-5,895863,774263,7,,,,1,LIM,3,136,181,1,,,,,02,1,2.0,,2000
00IN00145,1998008212, 8212,00, 8212,98,2,00,1,06,L-5,895863,584263,7,,,,1,LIM,3,157,193,1,,,,,03,1,2.0,,2000
00IN00146,1998008217, 8217,00, 8217,98,2,00,1,07,L13,735910,387010,7,,,,1,LIM,3,119,128,2,,,,,BF,3,2.0,,2000
00IN00147,1998008234, 8234,00, 8234,98,2,00,1,07,L17,720810,515200,7,,,,1,LIM,3,162,173,4,,,,,BF,3,2.0,,2000
00IN00148,1998008243, 8243,00, 8243,98,1,00,1,30,L-8,348004,393204,7,,,,3,LIM,M,200,230,0,,93,0812,,,,2.0,,2000
00IN00149,1998008244, 8244,00, 8244,98,2,00,1,30,L-6,312904,274704,7,,,,1,LIM,3,186,164,2,,,,,52,2,2.0,,2000
00IN00150,1998008253, 8253,00, 8253,98,2,00,1,01,L16,700310,605900,7,,,,1,LIM,3,117,140,2,,,,,BF,3,2.0,,2000
00IN00151,1998008254, 8254,00, 8254,98,2,00,1,06,L-5,895863,689663,7,,,,3,LIM,3,130,137,2,,93,1002,,,,2.0,,2000
00IN00152,1998008255, 8255,00, 8255,98,2,00,1,06,L-5,895863,689663,7,,,,K,LIM,K,128,0,0,,,,,KNA,3,2.0,,2000
00IN00153,1998008259, 8259,00, 8259,98,2,00,1,06,L-5,895863,672963,7,,,,1,LIM,3,135,163,2,,,,,04,1,2.0,,2000
00IN00154,1998008263, 8263,00, 8263,98,2,00,1,07,L13,735910,438410,7,,,,3,LIM,3,169,188,2,,93,1002,,,,2.0,,2000
00IN00155,1998008267, 8267,00, 8267,98,2,00,1,01,L18,714610,617200,7,,,,1,LIM,3,154,155,2,,,,,BF,3,2.0,,2000
00IN00156,1998008269, 8269,00, 8269,98,2,00,1,07,L18,714610,209900,7,,,,1,LIM,3,145,164,2,,,,,BF,3,2.0,,2000
00IN00157,1998008274, 8274,00, 8274,98,2,00,1,01,L21,678110,012005,7,,,,1,LIM,3,150,161,1,,,,,BF,3,2.0,,2000
00IN00158,1998008277, 8277,00, 8277,98,2,00,1,01,L20,684210,015905,7,,,,U,LIM,3,155,176,2,,,,,U,A,2.0,"DRY, 1DAB",2000
00IN00159,1998008281, 8281,00, 8281,98,2,00,1,07,L12,674810,674910,7,,,,1,LIM,3,152,165,2,,,,,BF,3,2.0,,2000
00IN00160,1998008285, 8285,00, 8285,98,2,00,1,07,L18,714610, 58000,7,,,,1,LIM,3,146,172,2,,,,,BF,3,2.0,,2000
00IN00161,1998008286, 8286,00, 8286,98,2,00,1,06,L-5,895863,768863,7,,,,1,LIM,3,157,191,1,,,,,05,1,2.0,,2000
00IN00162,1998008290, 8290,00, 8290,98,2,00,1,30,L-7,346704,397204,7,,,,1,LIM,3,136,141,2,,,,,51,2,2.0,,2000
00IN00163,1998008291, 8291,00, 8291,98,2,00,1,43,L11,752910,202000,7,,,,1,LIM,3,143,138,2,,,,,BF,3,2.0,,2000
00IN00164,1998008295, 8295,00, 8295,98,2,00,1,43,L13,735910,288110,7,,,,1,LIM,3,145,153,2,,,,,BF,3,2.0,,2000
00IN00165,1998008307, 8307,00, 8307,98,2,00,1,07,L21,678110,514500,7,,,,1,LIM,3,130,148,2,,,,,BF,3,2.0,,2000
00IN00166,1998008308, 8308,00, 8308,98,2,00,1,07,L21,678110,514500,7,,,,1,LIM,3,151,134,2,,,,,BF,3,2.0,,2000
00IN00167,1998008319, 8319,00, 8319,98,1,00,1,06,L-5,895863,901963,7,,,,2,127,M,227,268,0,,92,0921,,,,2.0,,2000
00IN00168,1998008320, 8320,00, 8320,98,2,00,1,43,L11,752910, 57100,7,,,,1,LIM,3,154,146,2,,,,,BF,3,2.0,,2000
00IN00169,1998008323, 8323,00, 8323,98,2,00,1,43,L11,752910, 57100,7,,,,3,LIM,3,139,162,1,,93,1002,,,,2.0,,2000
00IN00170,1998008334, 8334,00, 8334,98,2,00,1,01,L17,720810,017505,7,,,,7,LIM,3,123,0,0,,97,0929,,,,2.0,,2000
00IN00171,1998008340, 8340,00, 8340,98,2,00,1,07,L21,678110, 56600,7,,,,3,LIM,3,189,167,11,,93,1002,,,,2.0,,2000
00IN00172,1998008351, 8351,00, 8351,98,2,00,1,07,L14,677210,454200,7,,,,1,LIM,3,169,159,2,,,,,BF,3,2.0,,2000
00IN00173,1998008359, 8359,00, 8359,98,2,00,1,06,L-3,874463,669963,7,,,,1,LIM,3,164,149,2,,,,,01,1,2.0,,2000
00IN00174,1998008362, 8362,00, 8362,98,2,00,1,30,L-7,346704,213604,7,,,,1,LIM,3,147,130,2,,,,,52,2,2.0,,2000
00IN00175,1998008363, 8363,00, 8363,98,1,00,1,07,L13,735910,206200,2,,,,3,LIB,*,0,0,0,X,93,0306,,,,2.0,"H3,DUD",2000
00IN00176,1998008365, 8365,00, 8365,98,2,00,1,07,L12,674810,437910,7,,,,3,LIM,3,138,152,12,,93,1002,,,,2.0,,2000
00IN00177,1998008375, 8375,00, 8375,98,2,00,1,07,L15,712410,515700,7,,,,1,LIM,3,130,156,2,,,,,BF,3,2.0,,2000
00IN00178,1998008381, 8381,00, 8381,98,2,00,1,01,L19,675110,619600,7,,,,1,LIM,3,143,170,1,,,,,BF,3,2.0,,2000
00IN00179,1998008382, 8382,00, 8382,98,2,00,1,30,L-8,348004,289304,7,,,,1,LIM,3,150,151,2,,,,,41,2,2.0,,2000
00IN00180,1998008384, 8384,00, 8384,98,2,00,1,06,L-5,895863,598663,7,,,,1,LIM,3,162,167,2,,,,,02,1,2.0,,2000
00IN00181,1998008390, 8390,00, 8390,98,2,00,1,07,L13,735910,206300,7,,,,U,LIM,3,122,115,2,,,,,U,A,2.0,"X,POLYPAY",2000
00IN00182,1998008392, 8392,00, 8392,98,2,00,1,30,L-8,348004,260804,7,,,,1,LIM,3,121,122,2,,,,,42,2,2.0,,2000
00IN00183,1998008403, 8403,00, 8403,98,2,00,1,06,L-3,874463,650463,7,,,,6,LIM,3,173,0,0,,01,0620,,,,2.0,DEAD 6/20/00,2000
00IN00184,1998008415, 8415,00, 8415,98,2,00,1,07,L18,714610,200200,7,,,,1,LIM,3,180,155,2,,,,,BF,3,2.0,,2000
00IN00185,1998008416, 8416,00, 8416,98,2,00,1,07,L18,714610,200200,7,,,,1,LIM,3,156,143,2,,,,,BF,3,2.0,,2000
00IN00186,1998008419, 8419,00, 8419,98,2,00,1,01,L16,700310,006905,7,,,,1,LIM,3,128,134,2,,,,,BF,3,2.0,,2000
00IN00187,1998008423, 8423,00, 8423,98,2,00,1,30,L-9,365604,886003,7,,,,1,LIM,3,128,137,1,,,,,55,2,2.0,,2000
00IN00188,1998008435, 8435,00, 8435,98,2,00,1,43,L11,752910, 51200,7,,,,3,LIM,3,162,175,1,,93,1002,,,,2.0,,2000
00IN00189,1998008436, 8436,00, 8436,98,2,00,1,43,L11,752910, 51200,7,,,,1,LIM,3,153,144,2,,,,,BF,3,2.0,,2000
00IN00190,1998008439, 8439,00, 8439,98,2,00,1,30,L-8,348004,266604,7,,,,1,LIM,3,133,127,2,,,,,54,2,2.0,,2000
00IN00191,1998008441, 8441,00, 8441,98,2,00,1,43,L11,752910,101000,7,,,,1,LIM,3,159,152,2,,,,,BF,3,2.0,,2000
00IN00192,1998008443, 8443,00, 8443,98,2,00,1,30,L-7,346704,257904,7,,,,1,LIM,3,133,152,2,,,,,56,2,2.0,,2000
00IN00193,1998008451, 8451,00, 8451,98,1,00,1,07,L14,677210,411110,7,,,,3,LIM,M,210,249,0,,93,0812,,,,2.0,FOLDS &TAG**,2000
00IN00194,1998008454, 8454,00, 8454,98,2,00,1,30,L-6,312904,349804,7,,,,1,LIM,3,140,145,1,,,,,55,2,2.0,,2000
00IN00195,1998008459, 8459,00, 8459,98,2,00,1,07,L13,735910,900300,7,,,,1,LIM,3,148,150,2,,,,,BF,3,2.0,,2000
00IN00196,1998008462, 8462,00, 8462,98,2,00,1,30,L-9,365604,385904,7,,,,1,LIM,3,155,159,2,,,,,43,2,2.0,,2000
00IN00197,1998008472, 8472,00, 8472,98,2,00,1,06,L-2,890163,640663,7,,,,1,LIM,3,170,180,2,,,,,03,1,2.0,REJECTS LAMB,2000
00IN00198,1998008478, 8478,00, 8478,98,2,00,1,07,L16,700310,   500,7,,,,1,LIM,3,170,168,2,,,,,BF,3,2.0,,2000
00IN00199,1998008479, 8479,00, 8479,98,2,00,1,07,L16,700310,   500,7,,,,1,LIM,3,177,176,2,,,,,BF,3,2.0,,2000
00IN00200,1998008480, 8480,00, 8480,98,2,00,1,01,L19,675110,021505,7,,,,1,LIM,3,149,144,2,,,,,BF,3,2.0,,2000
00IN00201,1998008483, 8483,00, 8483,98,2,00,1,07,L21,678110,910400,7,,,,1,LIM,3,144,166,2,,,,,BF,3,2.0,,2000
00IN00202,1998008484, 8484,00, 8484,98,2,00,1,01,L15,712410,067805,7,,,,3,LIM,K,123,133,1,,93,1002,,,,2.0,WILD,2000
00IN00203,1998008492, 8492,00, 8492,98,2,00,1,07,L18,714610,911100,7,,,,1,LIM,3,161,164,2,,,,,BF,3,2.0,,2000
00IN00204,1998008501, 8501,00, 8501,98,2,00,1,06,L-3,874463,694463,7,,,,K,LIM,K,139,0,0,,,,,KNA,3,2.0,NICE,2000
00IN00205,1998008503, 8503,00, 8503,98,2,00,1,06,L-5,895863,702463,7,,,,1,LIM,3,152,149,2,,,,,04,1,2.0,,2000
00IN00206,1998008504, 8504,00, 8504,98,2,00,1,07,L13,735910,145610,7,,,,1,LIM,3,139,147,1,,,,,BF,3,2.0,,2000
00IN00207,1998008508, 8508,00, 8508,98,1,00,1,06,L-2,890163,791463,2,,,,3,LIB,*,0,0,0,1,,,,,,2.0,DUD,2000
00IN00208,1998008516, 8516,00, 8516,98,2,00,1,30,L-7,346704,273004,7,,,,1,LIM,3,150,142,2,,,,,51,2,2.0,EYES OK,2000
00IN00209,1998008523, 8523,00, 8523,98,1,00,1,30,L-8,348004,880603,7,,,,3,LIM,M,175,204,0,,93,0812,,,,2.0,,2000
00IN00210,1998008524, 8524,00, 8524,98,2,00,1,07,L14,677210,436310,7,,,,1,LIM,3,144,166,2,,,,,BF,3,2.0,,2000
00IN00211,1998008525, 8525,00, 8525,98,2,00,1,43,L11,752910,502400,7,,,,1,LIM,3,146,151,2,,,,,BF,3,2.0,,2000
00IN00212,1998008526, 8526,00, 8526,98,2,00,1,30,L-8,348004,846103,7,,,,1,LIM,3,142,143,2,,,,,56,2,2.0,,2000
00IN00213,1998008528, 8528,00, 8528,98,2,00,1,06,L-2,890163,626463,7,,,,K,LIM,K,161,0,0,,,,,KNA,3,2.0,,2000
00IN00214,1998008529, 8529,00, 8529,98,2,00,1,06,L-4,913363,655263,7,,,,3,LIM,3,173,199,1,,93,1002,,,,2.0,,2000
00IN00215,1998008535, 8535,00, 8535,98,2,00,1,43,L11,752910,680010,7,,,,U,LIM,3,150,126,2,,,,,U,A,2.0,UGLY WOOL,2000
00IN00216,1998008538, 8538,00, 8538,98,1,00,1,07,L12,674810,383710,7,,,,3,LIM,M,201,234,0,,93,0812,,,,2.0,,2000
00IN00217,1998008539, 8539,00, 8539,98,2,00,1,07,L13,735910,701810,7,,,,1,LIM,3,139,137,2,,,,,BF,3,2.0,,2000
00IN00218,1998008542, 8542,00, 8542,98,1,00,1,30,L-6,312904,263704,2,,,,3,LIB,*,0,0,0,1,,,,,,2.0,DUD,2000
00IN00219,1998008543, 8543,00, 8543,98,2,00,1,06,L-5,895863,830563,7,,,,K,LIM,K,127,0,0,,,,,KNA,3,2.0,NICE,2000
00IN00220,1998008545, 8545,00, 8545,98,2,00,1,07,L14,677210,204100,7,,,,1,LIM,3,147,165,2,,,,,BF,3,2.0,,2000
00IN00221,1998008556, 8556,00, 8556,98,2,00,1,07,L15,712410,556500,7,,,,1,LIM,3,152,176,2,,,,,BF,3,2.0,LOST LAMB,2000
00IN00222,1998008572, 8572,00, 8572,98,2,00,1,07,L14,677210,254100,7,,,,1,LIM,3,157,177,1,,,,,BF,3,2.0,,2000
00IN00223,1998008575, 8575,00, 8575,98,2,00,1,07,L20,684210,  8000,7,,,,1,LIM,3,123,155,2,,,,,BF,3,2.0,,2000
00IN00224,1998008577, 8577,00, 8577,98,2,00,1,07,L14,677210, 57700,7,,,,1,LIM,3,172,162,2,,,,,BF,3,2.0,,2000
00IN00225,1998008580, 8580,00, 8580,98,2,00,1,06,L-2,890163,831863,7,,,,1,LIM,3,159,175,2,,,,,05,1,2.0,,2000
00IN00226,1998008586, 8586,00, 8586,98,2,00,1,30,L-8,348004,273604,7,,,,1,LIM,3,121,131,2,,,,,55,2,2.0,,2000
00IN00227,1998008587, 8587,00, 8587,98,2,00,1,30,L-8,348004,273604,7,,,,7,LIM,3,122,0,0,,97,0929,,,,2.0,,2000
00IN00228,1998008591, 8591,00, 8591,98,2,00,1,07,L13,735910,255910,7,,,,1,LIM,3,156,162,2,,,,,BF,3,2.0,,2000
00IN00229,1998008595, 8595,00, 8595,98,2,00,1,30,L-9,365604,323204,7,,,,1,LIM,3,164,155,2,,,,,56,2,2.0,,2000
00IN00230,1998008601, 8601,00, 8601,98,2,00,1,07,L18,714610,514200,7,,,,1,LIM,3,161,173,2,,,,,BF,3,2.0,NO MARK,2000
00IN00231,1998008625, 8625,00, 8625,98,2,00,1,07,L12,674810,414710,7,,,,1,LIM,3,140,167,1,,,,,BF,3,2.0,,2000
00IN00232,1998008626, 8626,00, 8626,98,2,00,1,43,L11,752910,339610,7,,,,1,LIM,3,158,167,2,,,,,BF,3,2.0,,2000
00IN00233,1998008628, 8628,00, 8628,98,2,00,1,07,L14,677210,404710,7,,,,K,LIM,K,148,0,0,,,,,KNA,3,2.0,,2000
00IN00234,1998008629, 8629,00, 8629,98,2,00,1,43,L11,752910,200500,7,,,,1,LIM,3,148,152,2,,,,,BF,3,2.0,F4,2000
00IN00235,1998008632, 8632,00, 8632,98,2,00,1,07,L14,677210,507200,7,,,,3,LIM,3,172,199,1,,93,1002,,,,2.0,FIXBIGTAG,2000
00IN00236,1998008634, 8634,00, 8634,98,2,00,1,06,L-4,913363,671963,7,,,,1,LIM,3,155,151,2,,,,,06,1,2.0,,2000
00IN00237,1998008635, 8635,00, 8635,98,2,00,1,06,L-4,913363,671963,7,,,,1,LIM,3,166,170,2,,,,,07,1,2.0,,2000
00IN00238,1998008636, 8636,00, 8636,98,2,00,1,07,L13,735910,952600,7,,,,1,LIM,3,148,149,2,,,,,BF,3,2.0,,2000
00IN00239,1998008637, 8637,00, 8637,98,2,00,1,07,L13,735910,952600,7,,,,1,LIM,3,146,151,2,,,,,BF,3,2.0,,2000
00IN00240,1998008641, 8641,00, 8641,98,2,00,1,07,L21,678110,953000,7,,,,1,LIM,3,134,135,2,,,,,BF,3,2.0,,2000
00IN00241,1998008659, 8659,00, 8659,98,2,00,1,06,L-5,895863,732063,7,,,,K,LIM,K,125,0,0,,,,,KNA,3,2.0,,2000
00IN00242,1998008665, 8665,00, 8665,98,2,00,1,07,L12,674810,695810,7,,,,1,LIM,3,153,135,2,,,,,BF,3,2.0,,2000
00IN00243,1998008668, 8668,00, 8668,98,2,00,1,30,L-6,312904,860003,7,,,,1,LIM,3,138,126,2,,,,,52,2,2.0,,2000
00IN00244,1998008674, 8674,00, 8674,98,1,00,1,30,L-9,365604,276904,7,,,,3,LIM,Y,176,195,0,,93,0812,,,,2.0,SICKLY ?,2000
00IN00245,1998008675, 8675,00, 8675,98,2,00,1,30,L-9,365604,276904,7,,,,U,LIM,5,160,188,1,,,,,U,A,2.0,,2000
00IN00246,1998008680, 8680,00, 8680,98,2,00,1,07,L12,674810, 57800,7,,,,1,LIM,3,150,161,1,,,,,BF,3,2.0,,2000
00IN00247,1998008682, 8682,00, 8682,98,2,00,1,07,L14,677210,458300,7,,,,1,LIM,3,143,159,2,,,,,BF,3,2.0,,2000
00IN00248,1998008693, 8693,00, 8693,98,2,00,1,06,L-3,874463,704063,7,,,,O,OVX,5,136,185,1,X,,,,,,2.0,OVX,2000
00IN00249,1998008695, 8695,00, 8695,98,2,00,1,07,L14,677210,500500,7,,,,1,LIM,3,156,169,2,,,,,BF,3,2.0,,2000
00IN00250,1998008697, 8697,00, 8697,98,2,00,1,30,L-7,346704,929703,7,,,,1,LIM,3,140,135,2,,,,,53,2,2.0,,2000
00IN00251,1998008724, 8724,00, 8724,98,2,00,1,30,L-7,346704,263904,7,,,,1,LIM,3,129,127,2,,,,,54,2,2.0,,2000
00IN00252,1998008727, 8727,00, 8727,98,2,00,1,30,L-9,365604,227304,7,,,,1,LIM,3,148,144,2,,,,,51,2,2.0,,2000
00IN00253,1998008755, 8755,00, 8755,98,2,00,1,43,L11,752910,674010,7,,,,K,LIM,K,133,0,0,,,,,KNA,3,2.0,,2000
00IN00254,1998008757, 8757,00, 8757,98,2,00,1,06,L-3,874463,750363,7,,,,1,LIM,3,154,153,2,,,,,08,1,2.0,,2000
00IN00255,1998008762, 8762,00, 8762,98,2,00,1,06,L-4,913363,572463,7,,,,K,LIM,K,129,0,0,,,,,KNA,3,2.0,,2000
00IN00256,1998008764, 8764,00, 8764,98,2,00,1,43,L11,752910,952700,7,,,,1,LIM,3,151,143,2,,,,,BF,3,2.0,,2000
00IN00257,1998008765, 8765,00, 8765,98,2,00,1,43,L11,752910,952700,7,,,,1,LIM,3,162,151,2,,,,,BF,3,2.0,,2000
00IN00258,1998008766, 8766,00, 8766,98,2,00,1,07,L19,675110, 57500,7,,,,7,LIM,3,151,0,0,,97,0929,,,,2.0,,2000
00IN00259,1998008767, 8767,00, 8767,98,2,00,1,07,L19,675110, 57500,7,,,,K,LIM,K,149,0,0,,,,,KNA,3,2.0,,2000
00IN00260,1998008770, 8770,00, 8770,98,1,00,1,06,L-3,874463,767063,7,,,,2,126,M,260,298,0,,92,0921,,,,2.0,,2000
00IN00261,1998008772, 8772,00, 8772,98,2,00,1,07,L20,684210,  8900,7,,,,U,LIM,3,163,194,1,,,,,U,A,2.0,ALL ORPHANS,2000
00IN00262,1998008773, 8773,00, 8773,98,2,00,1,07,L20,684210,  8900,7,,,,1,LIM,3,148,163,2,,,,,BF,3,2.0,,2000
00IN00263,1998008776, 8776,00, 8776,98,2,00,1,01,L20,684210,005105,7,,,,1,LIM,3,138,154,1,,,,,BF,3,2.0,,2000
00IN00264,1998008777, 8777,00, 8777,98,2,00,1,01,L20,684210,005105,7,,,,1,LIM,3,128,134,2,,,,,BF,3,2.0,,2000
00IN00265,1998008780, 8780,00, 8780,98,2,00,1,30,L-7,346704,379904,7,,,,1,LIM,3,160,143,2,,,,,55,2,2.0,,2000
00IN00266,1998008782, 8782,00, 8782,98,2,00,1,07,L14,677210,760510,7,,,,1,LIM,3,157,156,2,,,,,BF,3,2.0,,2000
00IN00267,1998008791, 8791,00, 8791,98,2,00,1,06,L-2,890163,693763,7,,,,1,LIM,3,157,162,2,,,,,09,1,2.0,,2000
00IN00268,1998008793, 8793,00, 8793,98,2,00,1,06,L-4,913363,699963,7,,,,1,LIM,3,133,154,1,,,,,01,1,2.0,,2000
00IN00269,1998008796, 8796,00, 8796,98,2,00,1,01,L20,684210,022105,7,,,,K,LIM,K,130,0,0,,,,,KNA,3,2.0,,2000
00IN00270,1998008810, 8810,00, 8810,98,2,00,1,06,L-3,874463,888163,7,,,,K,LIM,K,135,0,0,,,,,KNA,3,2.0,,2000
00IN00271,1998008811, 8811,00, 8811,98,2,00,1,06,L-2,890163,774463,7,,,,1,LIM,3,164,158,2,,,,,02,1,2.0,,2000
00IN00272,1998008812, 8812,00, 8812,98,2,00,1,06,L-3,874463,776263,7,,,,K,LIM,K,142,0,0,,,,,KNA,3,2.0,,2000
00IN00273,1998008815, 8815,00, 8815,98,2,00,1,06,L-2,890163,902463,7,,,,1,LIM,3,158,190,2,,,,,03,1,2.0,,2000
00IN00274,1998008835, 8835,00, 8835,98,2,00,1,01,L16,700310,026205,7,,,,1,LIM,3,124,145,2,,,,,BF,3,2.0,,2000
00IN00275,1998008842, 8842,00, 8842,98,2,00,1,07,L16,700310, 55300,7,,,,1,LIM,3,147,164,2,,,,,BF,3,2.0,,2000
00IN00276,1998008848, 8848,00, 8848,98,2,00,1,01,L18,714610,031405,7,,,,1,LIM,3,140,152,2,,,,,BF,3,2.0,HAIRY,2000
00IN00277,1998008858, 8858,00, 8858,98,2,00,1,07,L21,678110,550400,7,,,,1,LIM,3,150,170,2,,,,,BF,3,2.0,,2000
00IN00278,1998008876, 8876,00, 8876,98,2,00,1,43,L11,752910,405110,7,,,,1,LIM,3,144,144,2,,,,,BF,3,2.0,,2000
00IN00279,1998008877, 8877,00, 8877,98,2,00,1,43,L11,752910,225510,7,,,,3,LIM,3,144,183,1,,93,1002,,,,2.0,,2000
00IN00280,1998008882, 8882,00, 8882,98,2,00,1,07,L21,678110,556800,7,,,,3,LIM,3,151,157,1,,93,1002,,,,2.0,,2000
00IN00281,1998008883, 8883,00, 8883,98,2,00,1,07,L21,678110,556800,7,,,,1,LIM,3,145,156,2,,,,,BF,3,2.0,,2000
00IN00282,1998008885, 8885,00, 8885,98,2,00,1,01,L16,700310,017205,7,,,,1,LIM,3,128,150,2,,,,,BF,3,2.0,,2000
00IN00283,1998008896, 8896,00, 8896,98,2,00,1,06,L-4,913363,623963,7,,,,K,LIM,K,146,0,0,,,,,KNA,3,2.0,,2000
00IN00284,1998008899, 8899,00, 8899,98,2,00,1,06,L-4,913363,623963,7,,,,1,LIM,3,150,149,2,,,,,04,1,2.0,,2000
00IN00285,1994000087,40087,00,  556,94,2,00,1,00,,000010, 50600,7,,,,U,LIM,3,188,180,2,,,,,U,A,6.0,,2000
00IN00286,1994000089,40089,00,  566,94,2,00,1,00,,000010, 54100,7,,,,U,LIM,5,188,208,1,,95,1025,,U,A,6.0,FIX BIG TAG**,2000
00IN00287,1994000114,40114,00, 5565,94,2,00,1,00,,000010,554600,7,,,,U,LIM,5,150,160,1,,,,,U,A,6.0,FIX BIG TAG**,2000
00IN00288,1994000156,40156,00, 4030,94,2,00,1,00,,000010,402300,7,,,,U,LIM,2,154,138,2,,95,1025,,U,A,6.0,VLT L,2000
00IN00289,1994000171,40171,00, 4620,94,2,00,1,00,,000010,453500,7,,,,6,LIM,H,138,0,0,,01,0915,,,,6.0,"X,THIN,STRAY",2000
00IN00290,1994000250,40250,00, 5148,94,2,00,1,00,,000010,509000,2,,,,3,OVX,*,0,0,0,X,,,,,,6.0,OVX,2000
00IN00291,1994000254,40254,00, 5143,94,2,00,1,00,,000010,501200,7,,,,U,LIM,3,169,155,3,,,,,U,A,6.0,,2000
00IN00292,1994000259,40259,00, 5127,94,2,00,1,00,,000010,508000,7,,,,U,LIM,2,169,157,2,,95,1115,,U,A,6.0,,2000
00IN00293,1994000275,40275,00, 1572,94,2,00,1,00,,000010,155100,7,,,,3,LIM,1,167,153,2,,93,1002,,,,6.0,,2000
00IN00294,1994000285,40285,00,  580,94,2,00,1,00,,000010,402000,7,,,,U,LIM,3,131,155,2,,,,,U,A,6.0,OLD4035NEW580,2000
00IN00295,1994000292,40292,00, 5136,94,2,00,1,00,,000010,510100,7,,,,U,LIM,3,195,170,2,,,,,U,A,6.0,OPP? 01/09/96,2000
00IN00296,1994000304,40304,00,   85,94,2,00,1,00,,000010,  3300,7,,,,7,LIM,2,136,0,0,,97,0915,,,,6.0,,2000
00IN00297,1994000320,40320,00,  573,94,2,00,1,00,,000010,  7500,7,,,,U,LIM,3,193,164,2,,,,,U,A,6.0,"OLD101,NEW573",2000
00IN00298,1994000332,40332,00,   97,94,2,00,1,00,,000010,   800,7,,,,U,LIM,3,138,153,2,,,,,U,A,6.0,,2000
00IN00299,1994000335,40335,00,   84,94,2,00,1,00,,000010,   200,7,,,,U,LIM,3,152,157,2,,,,,U,A,6.0,HUMPHREY,2000
00IN00300,1994000369,40369,00, 2552,94,2,00,1,00,,000010,252600,7,,,,U,LIM,1,149,152,2,,95,1020,,U,,6.0,,2000
00IN00301,1994000405,40405,00, 2091,94,2,00,1,00,,000010,206200,7,,,,U,LIM,3,153,148,2,,,,,U,A,6.0,,2000
00IN00302,1994000420,40420,00, 2090,94,2,00,1,00,,000010,205400,7,,,,U,LIM,3,165,168,2,,,,,U,A,6.0,,2000
00IN00303,1994000421,40421,00, 2114,94,2,00,1,00,,000010,206000,7,,,,U,LIM,5,156,166,1,,95,1025,,U,A,6.0,,2000
00IN00304,1994000433,40433,00, 2099,94,2,00,1,00,,000010,203300,7,,,,U,LIM,2,165,155,2,,95,1025,,U,A,6.0,,2000
00IN00305,1994000462,40462,00, 1562,94,2,00,1,00,,000010,154000,7,,,,7,LIM,3,193,0,0,,97,0929,,,,6.0,,2000
00IN00306,1994000474,40474,00, 1566,94,2,00,1,00,,000010,152500,7,,,,U,LIM,3,158,147,2,,,,,U,A,6.0,,2000
00IN00307,1994000539,40539,00, 4617,94,2,00,1,00,,000010,452100,7,,,,U,LIM,1,167,167,3,,95,1115,,U,A,6.0,,2000
00IN00308,1994000563,40563,00, 1564,94,2,00,1,00,,000010,151400,7,,,,U,LIM,3,182,155,5,,,,,U,A,6.0,,2000
00IN00309,1994000580,40580,00, 4031,94,2,00,1,00,,000010,402200,7,,,,U,LIM,3,138,132,2,,,,,U,A,6.0,,2000
00IN00310,1994000634,40634,00, 1098,94,2,00,1,00,,000010,105400,7,,,,U,LIM,2,163,154,4,,95,1025,,U,A,6.0,LOW SW.BAG,2000
00IN00311,1994000642,40642,00,  565,94,2,00,1,00,,000010, 51700,7,,,,U,LIM,1,161,182,2,,95,1025,,U,A,6.0,,2000
00IN00312,1994000644,40644,00,  562,94,2,00,1,00,,000010, 53100,7,,,,U,LIM,3,151,158,2,,,,,U,A,6.0,,2000
00IN00313,1994000703,40703,00, 5568,94,2,00,1,00,,000010,555200,7,,,,U,LIM,3,175,175,1,,,,,U,A,6.0,MEAN,2000
00IN00314,1994000729,40729,00, 9092,94,2,00,1,00,,000010,901600,7,,,,U,LIM,3,174,162,2,,,,,U,A,6.0,,2000
00IN00315,1994000740,40740,00, 9090,94,2,00,1,00,,000010,906100,7,,,,7,LIM,3,168,0,0,,97,0929,,,,6.0,,2000
00IN00316,1994000802,40802,00, 2093,94,2,00,1,00,,000010,206500,7,,,,U,LIM,3,146,161,11,,,,,U,A,6.0,,2000
00IN00317,1994000803,40803,00, 2103,94,2,00,1,00,,000010,205000,7,,,,U,LIM,1,209,178,4,,95,1025,,U,A,6.0,,2000
00IN00318,1994000834,40834,00, 5145,94,2,00,1,00,,000010,511900,7,,,,U,LIM,1,165,165,2,,,,,U,A,6.0,,2000
00IN00319,1995050002,50002,05,50002,95,2,00,1,00,,000044,456300,7,,,,U,LIM,3,150,156,2,,,,,U,A,5.0,,2000
00IN00320,1995050008,50008,05,50008,95,2,00,1,00,,000044,900600,7,,,,U,LIM,3,165,164,2,,,,,U,A,5.0,,2000
00IN00321,1995050025,50025,05,50025,95,2,00,1,00,,000044,152500,7,,,,U,LIM,3,160,160,2,,,,,U,A,5.0,,2000
00IN00322,1995050043,50043,05,50043,95,2,00,1,00,,000044,906700,7,,,,U,LIM,1,208,184,2,,95,1211,,U,A,5.0,,2000
00IN00323,1995050051,50051,05,50051,95,2,00,1,00,,000044,458600,7,,,,U,LIM,3,158,147,2,,,,,U,A,5.0,,2000
00IN00324,1995050068,50068,05,50068,95,2,00,1,00,,000044,551400,7,,,,U,LIM,1,174,168,2,,,,,U,A,5.0,,2000
00IN00325,1995050069,50069,05,50069,95,2,00,1,00,,000044,103600,7,,,,U,LIM,2,160,156,2,,,,,U,A,5.0,ROUGH,2000
00IN00326,1995050076,50076,05,50076,95,2,00,1,00,,000044,951500,7,,,,U,LIM,3,181,154,2,,,,,U,A,5.0,MSG 10/19 AI,2000
00IN00327,1995050080,50080,05,50080,95,2,00,1,00,,000044,208800,7,,,,U,LIM,3,164,157,2,,,,,U,A,5.0,MSG 10/19 AI,2000
00IN00328,1995050120,50120,05,50120,95,2,00,1,00,,000044,460900,7,,,,U,LIM,3,157,160,2,,,,,U,A,5.0,,2000
00IN00329,1995050121,50121,05,50121,95,2,00,1,00,,000044,554800,7,,,,U,LIM,3,161,159,2,,,,,U,A,5.0,,2000
00IN00330,1995050132,50132,05,50132,95,2,00,1,00,,000044,253100,7,,,,U,LIM,3,161,179,2,,,,,U,A,5.0,,2000
00IN00331,1995050148,50148,05,50148,95,2,00,1,00,,000044,459100,7,,,,U,LIM,3,155,159,3,,,,,U,A,5.0,CHK? LAMB TAG,2000
00IN00332,1995050154,50154,05,50154,95,2,00,1,00,,000044, 53300,7,,,,6,LIM,3,156,0,0,,04,0708,,,,5.0,,2000
00IN00333,1995050159,50159,05,50159,95,2,00,1,00,,000044,901600,7,,,,U,LIM,2,178,182,3,,95,1211,,U,A,5.0,POOR MOM X,2000
00IN00334,1995050161,50161,05,50161,95,2,00,1,00,,000044,902800,7,,,,U,LIM,3,150,158,2,,,,,U,A,5.0,,2000
00IN00335,1995050167,50167,05,50167,95,2,00,1,00,,000044,503300,7,,,,U,LIM,3,151,153,3,,,,,U,A,5.0,OK *,2000
00IN00336,1995050172,50172,05,50172,95,2,00,1,00,,000044, 52800,7,,,,U,LIM,1,159,152,2,,,,,U,A,5.0,,2000
00IN00337,1995050175,50175,05,50175,95,2,00,1,00,,000044, 51500,7,,,,3,LIM,3,200,154,2,,93,1002,,,,5.0,X SICK,2000
00IN00338,1995050188,50188,05,50188,95,2,00,1,00,,000044,452800,7,,,,6,LIM,3,158,0,0,,01,0928,,,,5.0,DEAD 9/28/00,2000
00IN00339,1995050215,50215,05,50215,95,2,00,1,00,,000044,512000,7,,,,U,LIM,1,200,178,3,,,,,U,A,5.0,,2000
00IN00340,1995050230,50230,05,50230,95,2,00,1,00,,000044,  5000,7,,,,U,LIM,2,125,127,2,,,,,U,A,5.0,,2000
00IN00341,1995050252,50252,05,50252,95,2,00,1,00,,000044,907800,7,,,,U,LIM,5,169,190,1,,,,,U,A,5.0,,2000
00IN00342,1995050262,50262,05,50262,95,2,00,1,00,,000044,153700,7,,,,U,LIM,3,157,142,2,,,,,U,A,5.0,DYSTOCIA '96,2000
00IN00343,1995050276,50276,05,50276,95,2,00,1,00,,000044,107300,7,,,,U,LIM,3,157,136,2,,,,,U,A,5.0,FLTS,2000
00IN00344,1995050283,50283,05,50283,95,2,00,1,00,,000044,501400,7,,,,U,LIM,1,167,159,2,,,,,U,A,5.0,,2000
00IN00345,1995050286,50286,05,50286,95,2,00,1,00,,000044,451300,7,,,,U,LIM,3,160,156,2,,,,,U,A,5.0,,2000
00IN00346,1995050288,50288,05,50288,95,2,00,1,00,,000044,  5600,7,,,,U,LIM,5,130,151,1,,,,,U,A,5.0,THIN y2000,2000
00IN00347,1995000293,50293,00,  572,95,2,00,1,00,,000044,402700,7,,,,U,LIM,3,173,169,4,,,,,U,A,5.0,NEW ID = 572,2000
00IN00348,1995050297,50297,05,50297,95,2,00,1,00,,000044,152600,7,,,,U,LIM,1,146,155,2,,,,,U,A,5.0,? DAM,2000
00IN00349,1995050314,50314,05,50314,95,2,00,1,00,,000044,208100,7,,,,U,LIM,2,159,146,2,,,,,U,A,5.0,,2000
00IN00350,1995050325,50325,05,50325,95,2,00,1,00,,000044,104500,7,,,,U,LIM,3,150,154,2,,,,,U,A,5.0,1TAG,2000
00IN00351,1995050329,50329,05,50329,95,2,00,1,00,,000044,458700,7,,,,U,LIM,1,144,147,2,,,,,U,A,5.0,,2000
00IN00352,1995050333,50333,05,50333,95,2,00,1,00,,000044,454100,7,,,,6,LIM,H,157,0,0,,09,0719,,,,5.0,"RUPTURE, X",2000
00IN00353,1995050336,50336,05,50336,95,2,00,1,00,,000044, 54700,7,,,,U,LIM,1,171,161,2,,,,,U,A,5.0,? DAM,2000
00IN00354,1995050340,50340,05,50340,95,2,00,1,00,,000044, 54700,7,,,,U,LIM,3,162,171,2,,,,,U,A,5.0,? DAM,2000
00IN00355,1995050343,50343,05,50343,95,2,00,1,00,,000044,  4400,7,,,,U,LIM,3,163,162,3,,,,,U,A,5.0,,2000
00IN00356,1995050347,50347,05,50347,95,2,00,1,00,,000044,  7100,7,,,,3,LIM,3,158,157,3,,93,1002,,,,5.0,X BAG,2000
00IN00357,1995050350,50350,05,50350,95,2,00,1,00,,000044,108600,7,,,,U,LIM,1,170,164,2,,,,,U,A,5.0,LUMPY MILK,2000
00IN00358,1995050377,50377,05,50377,95,2,00,1,00,,000044,952500,7,,,,U,LIM,1,147,154,2,,95,1211,,U,A,5.0,,2000
00IN00359,1995050396,50396,05,50396,95,2,00,1,00,,000044,253400,7,,,,U,LIM,3,177,146,3,,,,,U,A,5.0,,2000
00IN00360,1995050432,50432,05,50432,95,2,00,1,00,,000044,  6800,7,,,,U,LIM,3,158,156,2,,,,,U,A,5.0,,2000
00IN00361,1995050439,50439,05,50439,95,2,00,1,00,,000044,505700,7,,,,U,LIM,3,165,160,2,,,,,U,A,5.0,,2000
00IN00362,1995050445,50445,05,50445,95,2,00,1,00,,000044,451500,7,,,,U,LIM,2,146,148,2,,,,,U,A,5.0,,2000
00IN00363,1995050465,50465,05,50465,95,2,00,1,00,,000044,552300,7,,,,U,LIM,3,149,136,2,,,,,U,A,5.0,?DAM 20 GREEN,2000
00IN00364,1995050476,50476,05,50476,95,2,00,1,00,,000044,105300,7,,,,U,LIM,1,143,148,2,,,,,U,A,5.0,LT,2000
00IN00365,1995050480,50480,05,50480,95,2,00,1,00,,000044,152600,7,,,,U,LIM,2,161,155,2,,,,,U,A,5.0,? DAM,2000
00IN00366,1995050483,50483,05,50483,95,2,00,1,00,,000044,905300,7,,,,U,LIM,2,151,154,2,,,,,U,A,5.0,,2000
00IN00367,1995050492,50492,05,50492,95,2,00,1,00,,000044, 10400,7,,,,3,LIM,3,178,172,2,,93,1002,,,,5.0,ABS.SIDE 4-29,2000
00IN00368,1995050494,50494,05,50494,95,2,00,1,00,,000044,455600,7,,,,U,LIM,3,161,167,2,,,,,U,A,5.0,,2000
00IN00369,1995050500,50500,05,50500,95,2,00,1,00,,000044,901400,7,,,,U,LIM,3,179,182,2,,,,,U,A,5.0,,2000
00IN00370,1995050562,50562,05,50562,95,2,00,1,00,,000044,400800,7,,,,U,LIM,3,156,149,2,,,,,U,A,5.0,,2000
00IN00371,1995050612,50612,05,50612,95,2,00,1,00,,000044,400500,7,,,,U,LIM,3,162,170,2,,,,,U,A,5.0,WGT LOSS,2000
00IN00372,1995050678,50678,05,50678,95,2,00,1,00,,000044,152100,7,,,,U,LIM,3,160,155,2,,,,,U,A,5.0,,2000
00IN00373,1995050696,50696,05,50696,95,2,00,1,00,,000044,151200,7,,,,U,LIM,3,160,146,5,,,,,U,A,5.0,THIN,2000
00IN00374,1995050784,50784,05,50784,95,2,00,1,00,,000044,555600,7,,,,U,LIM,3,164,159,2,,,,,U,A,5.0,,2000
00IN00375,1995050798,50798,05,50798,95,2,00,1,00,,000044,201400,7,,,,U,LIM,1,165,154,2,,,,,U,A,5.0,? DAM ? 2014,2000
00IN00376,1995050813,50813,05,50813,95,2,00,1,00,,000044,107100,7,,,,U,LIM,3,141,141,2,,,,,U,A,5.0,,2000
00IN00377,1995050852,50852,05,50852,95,2,00,1,00,,000044,550300,7,,,,U,LIM,2,157,156,3,,,,,U,A,5.0,,2000
00IN00378,1993040082,A0082,04,A0082,93,2,81,1,30,P01,687403,214203,2,,,,6,OVX,*,0,0,0,X,95,0321,,,,7.0,CANCER EYE,2000
00IN00379,1993040120,A0120,04,A0120,93,2,82,1,30,71,770403,754403,0,,,,3,  X,2,204,181,2,,93,1002,C,,,7.0,HEALTH X,2000
00IN00380,1993040181,A0181,04,A0181,93,2,81,1,30,P02,760003,380403,0,,,,6,,2,197,0,0,,05,0709,M,,,7.0,"LT R, TRT EYE",2000
00IN00381,1993040187,A0187,04,A0187,93,2,82,1,30,63,675603,723403,0,,,,U,,5,203,212,2,,,,C,U,A,7.0,DYSTOCIA'99,2000
00IN00382,1993040241,A0241,04,A0241,93,2,00,1,30,p.1,685303,914403,1,,,0,3,BLK,1,187,167,11,B,93,1002,.,,,7.0,L.SPOILED X,2000
00IN00383,1993040255,A0255,04,A0255,93,2,73,2,30,  9,946003,295403,7,,,,U,LIM,3,165,145,2,,,,S,U,A,6.5,FIX BIG TAG,2000
00IN00384,1993040258,A0258,04,A0258,93,2,72,2,30,721,602803,174303,7,,,,U,LIM,3,183,157,11,,,,S,U,A,6.5,GOOD EWE,2000
00IN00385,1993040317,A0317,04,A0317,93,2,73,2,30, 10,963003,141103,7,,,,3,LIM,1,138,0,0,,93,0710,S,,,6.5,IN B1 Y2000,2000
00IN00386,1993040365,A0365,04,A0365,93,2,73,2,30,  3,942203,312303,7,,,,U,LIM,3,162,149,2,,,,,U,A,6.5,,2000
00IN00387,1993040424,A0424,04,A0424,93,2,72,2,30,723,821703,153603,7,,,,7,LIM,*,0,0,0,,97,0312,S,,,6.5,MSG 3/12/00,2000
00IN00388,1993040520,A0520,04,A0520,93,2,73,2,30,  7,947703,467403,7,,,,U,LIM,3,164,163,2,,,,S,U,A,6.5,,2000
00IN00389,1993040558,A0558,04,A0558,93,2,73,2,30,  5,944003,518503,7,,,,3,LIM,3,161,141,3,,93,1002,S,,,6.5,CRIPPLE,2000
00IN00390,1993040570,A0570,04,A0570,93,2,73,2,30,  8,960303,584103,7,,,,U,GXE,2,173,151,2,,,,S,U,A,6.5,TEETH,2000
00IN00391,1993040587,A0587,04,A0587,93,2,73,2,30, 10,963003,177103,2,,,,3,OVX,*,0,0,0,X,,,,,,6.5,NEW OVX,2000
00IN00392,1994040686,A0686,04,A0686,94,2,81,1,30,01,877403,662903,0,,,,1,,2,186,169,2,,,,M,01,2,6.0,TRY3 1998 yes,2000
00IN00393,1994040704,A0704,04,A0704,94,2,81,1,30,01,877403,501203,0,,,,1,,2,198,186,4,,,,M,03,2,6.0,EARLY,2000
00IN00394,1994040706,A0706,04,A0706,94,2,81,1,30,04,872203,655603,0,,,,6,,*,0,0,0,,16,0402,M,,,6.0,"BITE,R.FLANK",2000
00IN00395,1994040743,A0743,04,A0743,94,2,81,1,30,02,933703,234803,0,,,,1,,2,162,142,3,,,,M,42,2,6.0,BRITCHY,2000
00IN00396,1994040761,A0761,04,A0761,94,2,82,1,30,31,909703,396003,0,,,,1,,H,180,201,3,,,,C,20,2,6.0,QUAD 2000 !!,2000
00IN00397,1994040768,A0768,04,A0768,94,2,82,1,30,25,862503,776903,7,,,,3,RUM,*,0,0,0,R,93,0110,C,,,6.0,SUCK1SIDE ok,2000
00IN00398,1994040774,A0774,04,A0774,94,2,82,1,30,22,850003,723403,0,,,,1,,2,195,168,3,,,,C,21,2,6.0,TRY3 1998 yes,2000
00IN00399,1994040795,A0795,04,A0795,94,2,73,1,30,41,960303,938003,7,,,,7,GXE,2,165,0,0,,97,0915,,,,6.0,,2000
00IN00400,1994040807,A0807,04,A0807,94,2,81,1,30,02,933703,529103,0,,,,3,,H,147,169,2,,93,1002,M,,,6.0,X LUNGER,2000
00IN00401,1994040825,A0825,04,A0825,94,2,81,1,30,02,933703,092603,0,,,,U,,1,177,174,9,,,,M,U,A,6.0,FIBERBAG,2000
00IN00402,1994040844,A0844,04,A0844,94,2,73,1,30,42,941603,949303,2,,,,3,OVX,*,0,0,0,X,,,,,,6.0,BARREN 3,2000
00IN00403,1994040858,A0858,04,A0858,94,2,81,1,30,02,933703,508003,0,,,,1,,2,177,161,2,,,,M,02,2,6.0,R.P.,2000
00IN00404,1994040884,A0884,04,A0884,94,2,81,1,30,03,923003,530103,0,,,,1,,2,206,180,2,,,,M,43,2,6.0,RP,2000
00IN00405,1994040929,A0929,04,A0929,94,2,81,1,30,03,923003,226903,0,,,,1,,1,180,175,3,,,,M,04,2,6.0,4TEATS,2000
00IN00406,1994040939,A0939,04,A0939,94,2,ch,1,31,-2,149710,719103,2,,NN,,1,,2,176,177,2,,,,c,BF,3,6.0,BLOODY MILK R,2000
00IN00407,1994040943,A0943,04,A0943,94,2,73,1,30,42,941603,956003,7,,,,U,LIM,5,134,183,2,,,,,U,A,6.0,,2000
00IN00408,1994040956,A0956,04,A0956,94,2,ch,1,30,-0,686803,650903,2,,,,6,,1,125,0,0,,04,0517,h,,,6.0,,2000
00IN00409,1994040975,A0975,04,A0975,94,2,81,1,30,03,923003,339503,0,,,,7,,H,122,0,0,,97,0915,M,,,6.0,HOSPITAL,2000
00IN00410,1994040990,A0990,04,A0990,94,2,ch,1,31,-2,149710,492303,2,,NN,,1,,1,187,172,3,,,,c,BF,3,6.0,,2000
00IN00411,1994041000,A1000,04,A1000,94,2,ch,1,31,-2,149710,884503,2,,NN,,1,,1,193,178,2,,,,c,BF,3,6.0,DYSTOCIA 95,2000
00IN00412,1994041011,A1011,04,A1011,94,2,73,1,30,42,941603,936703,7,,,,1,GXE,1,158,155,2,X,93,1030,,41,2,6.0,"X LAME, THIN",2000
00IN00413,1994041014,A1014,04,A1014,94,2,81,1,30,01,877403,231903,0,,,,1,,1,212,196,2,,,,M,01,2,6.0,,2000
00IN00414,1994041024,A1024,04,A1024,94,2,81,1,30,02,933703,749203,0,,,,U,,5,176,181,2,,,,M,U,A,6.0,,2000
00IN00415,1994041026,A1026,04,A1026,94,2,82,1,30,28,891303,341203,0,,,,1,,1,168,141,2,,,,C,22,2,6.0,FLTS,2000
00IN00416,1994041078,A1078,04,A1078,94,2,ch,1,31,-0,149710,496803,2,,NN,,1,,1,140,138,3,,,,c,BF,3,6.0,?DISCHARGE,2000
00IN00417,1994041090,A1090,04,A1090,94,2,81,1,30,04,872203,714403,0,,,,U,,2,182,168,2,,,,M,U,A,6.0,FIBER?,2000
00IN00418,1994041099,A1099,04,A1099,94,2,ch,1,30,-0,686803,366303,2,,,,1,,1,179,163,2,,,,h,BF,3,6.0,SUCK1SIDE,2000
00IN00419,1994041101,A1101,04,A1101,94,2,81,1,30,01,877403,558003,0,,,,1,,1,151,138,2,,,,M,04,2,6.0,ENTR 1EYE,2000
00IN00420,1994041103,A1103,04,A1103,94,2,81,1,30,02,933703,854103,0,,,,1,,2,185,169,4,,97,1025,M,02,2,6.0,BIG BAG,2000
00IN00421,1994041125,A1125,04,A1125,94,2,ch,1,31,-0,149710,572903,2,,NN,,1,,5,180,208,2,,,,c,BF,3,6.0,4TEATS,2000
00IN00422,1994041133,A1133,04,A1133,94,2,ch,1,31,-2,149710,802103,2,,NN,,1,,1,186,158,2,,,,c,BF,3,6.0,4TEATS,2000
00IN00423,1994041134,A1134,04,A1134,94,2,ch,1,31,-2,149710,802103,2,,NN,,1,,2,172,161,2,,,,c,BF,3,6.0,,2000
00IN00424,1994041141,A1141,04,A1141,94,2,73,1,30,43,964903,940003,7,,,,3,GXE,2,176,146,4,,93,1002,,,,6.0,CANCER EYE,2000
00IN00425,1994041151,A1151,04,A1151,94,2,81,1,30,01,877403,715503,0,,,,1,,1,192,171,2,,,,M,42,2,6.0,DOG BITE OK,2000
00IN00426,1994041154,A1154,04,A1154,94,2,ch,1,30,-0,686803,502103,2,,,,3,,H,244,252,3,,93,1002,h,,,6.0,"LAME,LR,2000",2000
00IN00427,1994041169,A1169,04,A1169,94,2,ch,1,31,-2,187810,541803,2,,NN,,1,,1,147,136,2,,,,c,BF,3,6.0,,2000
00IN00428,1994041205,A1205,04,A1205,94,2,82,1,30,28,891303,490903,0,,,,1,,1,177,171,2,,,,C,23,2,6.0,,2000
00IN00429,1994041222,A1222,04,A1222,94,2,82,1,30,28,891303,529903,2,,,,3,OVX,*,0,0,0,X,,,C,,,6.0,DRY 2 per 3,2000
00IN00430,1994041232,A1232,04,A1232,94,2,ch,1,31,-2,104810,663703,2,,NN,,1,,1,218,205,2,,,,h,BF,3,6.0,,2000
00IN00431,1994041234,A1234,04,A1234,94,2,81,1,30,02,933703,648503,0,,,,1,,1,194,173,2,,,,M,43,2,6.0,,2000
00IN00432,1994041240,A1240,04,A1240,94,2,ch,1,30,-2,686803,784003,2,,,,7,,*,0,0,0,,97,0311,h,,,6.0,VLT @LEFT,2000
00IN00433,1994041242,A1242,04,A1242,94,2,ch,1,31,-2,187810,892303,2,,NN,,6,,2,134,0,0,,32,0524,c,,,6.0,,2000
00IN00434,1994041267,A1267,04,A1267,94,2,82,1,30,31,909703,860703,0,,,,1,,2,157,152,2,,,,C,24,2,6.0,TAG&EAR GONE,2000
00IN00435,1994041280,A1280,04,A1280,94,2,ch,1,30,-2,686803,497103,2,,,,1,,1,158,166,3,,66,1227,h,BF,3,6.0,FAT,2000
00IN00436,1994041311,A1311,04,A1311,94,2,ch,1,31,-2,187810,384003,2,,NN,,1,,1,134,141,2,,,,c,BF,3,6.0,,2000
00IN00437,1994041315,A1315,04,A1315,94,2,ch,1,31,-2,187810,687803,2,,NN,,1,,1,173,161,2,,,,c,BF,3,6.0,ENTR,2000
00IN00438,1994041331,A1331,04,A1331,94,2,82,1,30,27,890303,882703,0,,,,3,,H,194,168,2,,93,1002,C,,,6.0,"RUPTURE,QUINT",2000
00IN00439,1994041347,A1347,04,A1347,94,2,ch,1,31,-2,187810,077003,2,,NN,,3,,1,190,174,2,,93,1002,c,,,6.0,X STINKS,2000
00IN00440,1994041351,A1351,04,A1351,94,2,73,1,30,43,964903,945203,7,,,,3,LIM,3,188,179,13,,93,1002,,,,6.0,HAIRY,2000
00IN00441,1994041358,A1358,04,A1358,94,2,82,1,30,23,855103,875903,0,,,,3,,1,184,175,3,,93,1002,C,,,6.0,,2000
00IN00442,1994041383,A1383,04,A1383,94,2,81,1,30,01,877403,507703,0,,,,1,,1,183,169,2,,,,M,03,2,6.0,,2000
00IN00443,1994041397,A1397,04,A1397,94,2,81,1,30,04,872203,512303,0,,,,1,,2,184,164,2,,,,M,01,2,6.0,,2000
00IN00444,1994041439,A1439,04,A1439,94,2,82,1,30,21,888103,542503,0,,,,1,,2,184,164,3,,,,C,25,2,6.0,DYSTOCIA ok,2000
00IN00445,1994041449,A1449,04,A1449,94,2,82,1,30,24,859503,772603,0,,,,1,,2,219,188,2,X,93,1030,C,41,2,6.0,"X LAME, SICK",2000
00IN00446,1994041452,A1452,04,A1452,94,2,82,1,30,29,898203,669703,0,,,,1,,2,183,165,2,,,,C,26,2,6.0,,2000
00IN00447,1994041503,A1503,04,A1503,94,2,82,1,30,29,898203,536903,0,,,,1,,1,162,163,2,,,,C,27,2,6.0,,2000
00IN00448,1994041531,A1531,04,A1531,94,2,73,2,30,  2,947703,461703,7,,,,1,GXE,1,167,153,2,,,,H,53,2,5.5,,2000
00IN00449,1994041544,A1544,04,A1544,94,2,73,2,30,  4,946003,267003,7,,,,U,LIM,3,178,158,3,,,,H,U,A,5.5,BAD BACK,2000
00IN00450,1994041546,A1546,04,A1546,94,2,73,2,30,  9,943203,260203,7,,,,1,LIM,3,147,145,2,,,,L,52,2,5.5,,2000
00IN00451,1994041563,A1563,04,A1563,94,2,73,2,30,  4,946003,161003,7,,,,1,GXE,2,151,143,2,,,,H,42,2,5.5,,2000
00IN00452,1994041592,A1592,04,A1592,94,2,73,2,30,  2,947703,626103,7,,,,1,LIM,3,161,140,2,,,,H,51,2,5.5,,2000
00IN00453,1994041603,A1603,04,A1603,94,2,73,2,30,  3,954203,500103,7,,,,1,LIM,3,157,150,2,,,,L,53,2,5.5,,2000
00IN00454,1994041610,A1610,04,A1610,94,2,73,2,30,  7,938803,312303,7,,,,1,LIM,3,171,159,2,,,,L,54,2,5.5,,2000
00IN00455,1994041628,A1628,04,A1628,94,2,73,2,30,  6,961403,816403,7,,,,6,GXE,*,0,0,0,,01,0419,H,,,5.5,C-SECTION,2000
00IN00456,1994041629,A1629,04,A1629,94,2,73,2,30,  6,961403,816403,7,,,,1,LIM,3,165,145,2,,,,H,51,2,5.5,,2000
00IN00457,1994041637,A1637,04,A1637,94,2,73,2,30,  4,946003,753503,7,,,,6,LIM,3,176,0,0,,32,0610,H,,,5.5,LIGHTNING !,2000
00IN00458,1994041667,A1667,04,A1667,94,2,73,2,30,  2,947703,167803,7,,,,7,LIM,3,142,0,0,,97,0929,H,,,5.5,,2000
00IN00459,1994041704,A1704,04,A1704,94,2,73,2,30,  6,961403,784903,7,,,,6,LIM,3,173,0,0,,04,0625,H,,,5.5,,2000
00IN00460,1994041705,A1705,04,A1705,94,2,73,2,30,  6,961403,784903,7,,,,1,GXE,2,158,144,2,,,,H,43,2,5.5,,2000
00IN00461,1994041717,A1717,04,A1717,94,2,73,2,30,  8,944003,823003,7,,,,1,LIM,3,172,155,2,,,,H,51,2,5.5,FIXBIGTAG '99,2000
00IN00462,1994041729,A1729,04,A1729,94,2,73,2,30,  3,954203,443203,7,,,,1,LIM,3,179,160,2,,,,L,52,2,5.5,,2000
00IN00463,1994041738,A1738,04,A1738,94,2,73,2,30,  6,961403,287603,2,,,,3,OVX,*,0,0,0,X,,,,,,5.5,X LOW PROD,2000
00IN00464,1995041779,A1779,04,A1779,95,2,82,1,30, 31,988303,469903,0,,,,U,,5,205,216,2,,95,1115,C,U,A,5.0,,2000
00IN00465,1995041789,A1789,04,A1789,95,2,73,1,30,744,047804,048004,7,,,,U,GXE,1,172,171,2,,95,1115,,U,A,5.0,,2000
00IN00466,1995041814,A1814,04,A1814,95,2,73,1,30,744,047804,055004,7,,,,1,GXE,2,179,163,2,,,,,55,2,5.0,DYSTOCIA'99,2000
00IN00467,1995041831,A1831,04,A1831,95,2,73,1,30,742,056004,033204,7,,,,1,LIM,3,156,147,2,,,,,52,2,5.0,,2000
00IN00468,1995041833,A1833,04,A1833,95,2,82,1,30, 25,973403,996803,0,,,,6,,2,159,0,0,,10,0804,C,,,5.0,COYOTE,2000
00IN00469,1995041840,A1840,04,A1840,95,2,73,1,30,741,048504,036604,7,,,,1,GXE,2,144,143,2,,,,,55,2,5.0,URI,2000
00IN00470,1995041855,A1855,04,A1855,95,2,81,1,30, 02,989803,016604,0,,,,1,,1,183,157,3,,,,M,42,2,5.0,,2000
00IN00471,1995041861,A1861,04,A1861,95,2,82,1,30, 24,004304,396003,0,,,,1,,1,171,146,4,,,,C,29,2,5.0,L EYE OK '99,2000
00IN00472,1995041893,A1893,04,A1893,95,2,73,1,30,741,048504,043304,7,,,,U,LIM,3,183,165,3,,,,,U,A,5.0,"DYSTOCIA, DAB",2000
00IN00473,1995041903,A1903,04,A1903,95,2,81,1,30, 02,989803,380403,0,,,,1,,2,212,190,3,,,,M,02,2,5.0,,2000
00IN00474,1995041918,A1918,04,A1918,95,2,81,1,30, 03,003804,775403,0,,,,1,,1,211,185,2,,,,M,04,2,5.0,DYSTOCIA97,2000
00IN00475,1995041920,A1920,04,A1920,95,2,82,1,30, 21,985903,370103,0,,,,3,,1,141,138,2,,93,1002,C,,,5.0,THIN X,2000
00IN00476,1995041927,A1927,04,A1927,95,2,82,1,30, 27,009904,336303,0,,,,1,,1,156,141,2,,,,C,28,2,5.0,ENTR,2000
00IN00477,1995041928,A1928,04,A1928,95,2,82,1,30, 24,004304,768103,0,,,,1,,2,151,143,2,,,,C,30,2,5.0,,2000
00IN00478,1995041936,A1936,04,A1936,95,2,82,1,30, 20,011804,928503,0,,,,3,,2,182,175,4,,93,1002,C,,,5.0,RUPTURE L X,2000
00IN00479,1995041965,A1965,04,A1965,95,2,73,1,30,744,047804,025804,7,,,,1,GXE,2,164,145,3,,,,,55,2,5.0,4TEATS,2000
00IN00480,1995042017,A2017,04,A2017,95,2,81,1,30, 04,989203,985603,0,,,,1,,2,147,150,2,,,,M,03,2,5.0,QUINTS y2000,2000
00IN00481,1995042021,A2021,04,A2021,95,2,82,1,30, 24,004304,878603,0,,,,1,,1,168,161,2,,,,C,31,2,5.0,,2000
00IN00482,1995042024,A2024,04,A2024,95,2,82,1,30, 30,005704,984503,0,,,,1,,1,182,170,3,,,,C,20,2,5.0,,2000
00IN00483,1995042049,A2049,04,A2049,95,2,81,1,30, 02,989803,520203,0,,,,1,,2,169,168,4,,,,M,02,2,5.0,,2000
00IN00484,1995042050,A2050,04,A2050,95,2,81,1,30, 02,989803,854103,0,,,,3,,1,199,181,3,,93,1002,M,,,5.0,CANCER EYE L,2000
00IN00485,1995042057,A2057,04,A2057,95,2,73,1,30,744,047804,038704,7,,,,1,LIM,3,150,136,5,,,,,54,2,5.0,,2000
00IN00486,1995042066,A2066,04,A2066,95,2,82,1,30, 22,978603,018704,0,,,,7,,2,168,0,0,,97,0915,C,,,5.0,MOTHERLY+,2000
00IN00487,1995042068,A2068,04,A2068,95,2,81,1,30, 02,989803,890103,0,,,,U,,2,195,191,2,,95,1115,M,U,A,5.0,LTS,2000
00IN00488,1995042075,A2075,04,A2075,95,2,82,1,30, 27,009904,187603,0,,,,1,,1,168,161,3,,,,C,21,2,5.0,,2000
00IN00489,1995042079,A2079,04,A2079,95,2,81,1,30, 02,989803,687303,0,,,,7,,2,129,0,0,,97,0915,M,,,5.0,,2000
00IN00490,1995042083,A2083,04,A2083,95,2,82,1,30, 26,005404,882703,0,,,,1,,1,190,193,2,,,,C,22,2,5.0,,2000
00IN00491,1995042084,A2084,04,A2084,95,2,82,1,30, 26,005404,882703,0,,,,3,,1,172,168,3,,93,1002,C,,,5.0,"SWBAG,LOW",2000
00IN00492,1995042128,A2128,04,A2128,95,2,81,1,30, 01,983203,966703,0,,,,1,,1,165,170,2,,,,M,04,2,5.0,NICE,2000
00IN00493,1995042138,A2138,04,A2138,95,2,82,1,30, 23,972003,764703,0,,,,U,,2,247,224,9,,95,1115,C,U,A,5.0,X BAG,2000
00IN00494,1995042145,A2145,04,A2145,95,2,81,1,30, 04,989203,370303,0,,,,1,,1,196,186,3,,,,M,03,2,5.0,,2000
00IN00495,1995042161,A2161,04,A2161,95,2,81,1,30, 03,003804,558103,0,,,,1,,2,206,176,2,,,,M,01,2,5.0,,2000
00IN00496,1995042162,A2162,04,A2162,95,2,81,1,30, 03,003804,558103,0,,,,1,,1,202,180,2,,,,M,01,2,5.0,,2000
00IN00497,1995042163,A2163,04,A2163,95,2,81,1,30, 02,989803,674803,0,,,,1,,2,165,135,2,,,,M,03,2,5.0,,2000
00IN00498,1995042165,A2165,04,A2165,95,2,82,1,30, 28,016104,343303,0,,,,1,,1,158,170,2,,,,C,23,2,5.0,,2000
00IN00499,1995042187,A2187,04,A2187,95,2,73,1,30,742,056004,045604,7,,,,7,GXE,*,0,0,0,,97,0308,,,,5.0,,2000
00IN00500,1995042188,A2188,04,A2188,95,2,73,1,30,742,056004,045604,7,,,,1,LIM,3,181,190,2,,,,,56,2,5.0,,2000
00IN00501,1995042202,A2202,04,A2202,95,2,82,1,30, 25,973403,882003,0,,,,6,,*,0,0,0,,54,0201,C,,,5.0,,2000
00IN00502,1995042213,A2213,04,A2213,95,2,73,1,30,744,047804,060504,7,,,,1,LIM,3,169,158,2,,,,,56,2,5.0,ABS.BUTT,2000
00IN00503,1995042223,A2223,04,A2223,95,2,ch,1,31,  0,149710,675903,2,,NN,,1,,1,167,162,2,,,,c,BF,3,5.0,,2000
00IN00504,1995042233,A2233,04,A2233,95,2,81,1,30, 01,983203,757403,2,,,,3,OVX,*,0,0,0,X,,,,,,5.0,OVX,2000
00IN00505,1995042243,A2243,04,A2243,95,2,82,1,30, 21,985903,754403,0,,,,6,,2,196,0,0,,01,0524,C,,,5.0,NICE EWE,2000
00IN00506,1995042248,A2248,04,A2248,95,2,ch,1,30,  0,686803,784003,2,,,,1,,2,172,179,2,,,,h,BF,3,5.0,,2000
00IN00507,1995042250,A2250,04,A2250,95,2,ch,1,31,  0,104810,929703,2,,NN,,3,,2,164,158,3,,93,1002,h,,,5.0,VLTS,2000
00IN00508,1995042252,A2252,04,A2252,95,2,81,1,30, 02,989803,722603,0,,,,U,,1,220,190,3,,95,1115,M,U,A,5.0,,2000
00IN00509,1995042257,A2257,04,A2257,95,2,81,1,30, 04,989203,018104,0,,,,1,,2,203,191,2,,,,M,02,2,5.0,,2000
00IN00510,1995042273,A2273,04,A2273,95,2,73,1,30,743,038604,037904,7,,,,1,LIM,3,159,152,2,,,,,56,2,5.0,3TEATS,2000
00IN00511,1995042275,A2275,04,A2275,95,2,81,1,30, 03,003804,360003,0,,,,1,,1,163,146,2,,,,M,41,2,5.0,TRT.ABORTED,2000
00IN00512,1995042283,A2283,04,A2283,95,2,ch,1,30,  0,686803,875803,2,,,,1,,1,168,155,3,,,,h,BF,3,5.0,4TEATS,2000
00IN00513,1995042286,A2286,04,A2286,95,2,82,1,30, 22,978603,245303,0,,,,1,,1,178,170,3,,,,C,24,2,5.0,TRY3 1998 yes,2000
00IN00514,1995042292,A2292,04,A2292,95,2,81,1,30, 03,003804,926703,0,,,,1,,2,172,155,2,,,,M,04,2,5.0,,2000
00IN00515,1995042293,A2293,04,A2293,95,2,ch,1,31,  0,104810,846103,2,,NN,,1,,1,198,178,2,,,,h,BF,3,5.0,LT @RIGHT,2000
00IN00516,1995042300,A2300,04,A2300,95,2,ch,1,31,  0,190810,707903,2,,NN,,3,,H,139,157,2,,93,1002,h,,,5.0,X LAME RR,2000
00IN00517,1995042302,A2302,04,A2302,95,2,ch,1,31,  2,149710,905203,2,,NN,,1,,1,202,196,2,,,,c,BF,3,5.0,3TEATS,2000
00IN00518,1995042313,A2313,04,A2313,95,2,81,1,30, 03,003804,656703,0,,,,1,,2,182,171,2,,,,M,02,2,5.0,4TEATS,2000
00IN00519,1995042326,A2326,04,A2326,95,2,ch,1,31,  2,149710,492303,2,,NN,,6,,1,165,0,0,,04,0612,c,,,5.0,4TEATS,2000
00IN00520,1995042327,A2327,04,A2327,95,2,ch,1,31,  2,149710,492303,2,,NN,,1,,1,180,161,2,,,,c,BF,3,5.0,,2000
00IN00521,1995042330,A2330,04,A2330,95,2,ch,1,31,  2,187810,384003,2,,NN,,3,,X,0,0,0,,93,0612,c,,,5.0,"X,CANCER EYE",2000
00IN00522,1995042336,A2336,04,A2336,95,2,82,1,30, 21,985903,989603,0,,,,3,,2,127,149,12,,93,1002,C,,,5.0,"R.SPOILED,X",2000
00IN00523,1995042364,A2364,04,A2364,95,2,ch,1,31,  2,207910,582303,2,,NN,,1,,1,186,158,4,,,,h,BF,3,5.0,4TEATS,2000
00IN00524,1995042365,A2365,04,A2365,95,2,ch,1,31,  2,207910,582303,2,,NN,,1,,5,182,197,1,,,,h,BF,3,5.0,,2000
00IN00525,1995042366,A2366,04,A2366,95,2,ch,1,30,  2,686803,958003,2,,,,1,,2,165,167,2,,,,h,BF,3,5.0,THICK MILK,2000
00IN00526,1995042367,A2367,04,A2367,95,2,ch,1,31,  2,187810,831903,2,,NN,,1,,2,133,129,2,,,,c,BF,3,5.0,WITH LISA '96,2000
00IN00527,1995042370,A2370,04,A2370,95,2,ch,1,31,  0,190810,484203,2,,NN,,1,,1,208,185,3,,,,h,BF,3,5.0,QUIET,2000
00IN00528,1995042398,A2398,04,A2398,95,2,ch,1,31,  0,187810,892303,2,,NN,,1,,1,211,180,2,,,,c,BF,3,5.0,ABS.FLANK,2000
00IN00529,1995042402,A2402,04,A2402,95,2,ch,1,00,J07,435344,093904,2,,,,U,,2,131,136,2,,95,1117,c,U,A,5.0,EYES OK,2000
00IN00530,1995042403,A2403,04,A2403,95,2,ch,1,00,J01,144404,122904,2,,,,1,,1,171,175,3,X,93,1030,h,BF,3,5.0,X ABS. JAW,2000
00IN00531,1995042404,A2404,04,A2404,95,2,ch,1,31,  0,104810,668303,2,,NN,,U,,5,175,191,1,,,,h,U,A,5.0,EXTRA MILK 5+,2000
00IN00532,1995042414,A2414,04,A2414,95,2,ch,1,31,  2,104810,682303,2,,NN,,6,,1,139,0,0,,05,0829,h,,,5.0,SUCK1SIDE,2000
00IN00533,1995042442,A2442,04,A2442,95,2,ch,1,31,  2,149710,465303,2,,NN,,1,,1,145,135,3,,,,c,BF,3,5.0,"4TEAT,SCOURS",2000
00IN00534,1995042477,A2477,04,A2477,95,2,ch,1,31,  2,104810,554103,2,,NN,,1,,1,191,181,3,,,,h,BF,3,5.0,,2000
00IN00535,1995042478,A2478,04,A2478,95,2,ch,1,31,  2,104810,663703,2,,NN,,3,,1,231,206,11,,93,1002,h,,,5.0,,2000
00IN00536,1995042479,A2479,04,A2479,95,2,ch,1,00,J09,424444,112904,2,,,,1,,1,172,166,2,,,,c,BF,3,5.0,"URI,COUGH",2000
00IN00537,1995042506,A2506,04,A2506,95,2,00,1,30, 30,005704,915403,1,,,0,1,BLK,2,156,135,2,B,,,.,04,2,5.0,"BLACK,LAME,ok",2000
00IN00538,1995042510,A2510,04,A2510,95,2,ch,1,31,  2,149710,912103,2,,NN,,1,,2,210,181,3,,,,c,BF,3,5.0,FAT,2000
00IN00539,1995042511,A2511,04,A2511,95,2,ch,1,00,J02,112604,116104,2,,,,7,,1,202,0,0,,97,0915,c,,,5.0,,2000
00IN00540,1995042523,A2523,04,A2523,95,2,81,1,30, 04,989203,745903,0,,,,1,,1,179,165,2,,,,M,01,2,5.0,,2000
00IN00541,1995042539,A2539,04,A2539,95,2,82,1,30, 29,981903,782103,0,,,,7,,2,173,0,0,,97,0915,C,,,5.0,LTS,2000
00IN00542,1995042544,A2544,04,A2544,95,2,73,1,30,742,056004,042404,7,,,,1,LIM,3,181,164,2,,,,,54,2,5.0,,2000
00IN00543,1995042546,A2546,04,A2546,95,2,81,1,30, 01,983203,734703,0,,,,U,,2,165,170,12,,95,1117,M,U,A,5.0,HAIRY,2000
00IN00544,1995042551,A2551,04,A2551,95,2,ch,1,00,J05,126404,108804,2,,,,3,OVX,*,0,0,0,X,,,h,,,5.0,"X,LOW PROD.",2000
00IN00545,1995042559,A2559,04,A2559,95,2,ch,1,00,J01,144404,134604,2,,,,1,,5,183,195,2,,,,h,BF,3,5.0,,2000
00IN00546,1995042570,A2570,04,A2570,95,2,ch,1,00,J03,436744,124204,2,,,,1,,2,170,152,3,,,,c,BF,3,5.0,,2000
00IN00547,1995042579,A2579,04,A2579,95,2,73,2,30,5,036804,500103,7,,,,U,LIM,3,174,164,9,,,,H,U,A,4.5,,2000
00IN00548,1995042595,A2595,04,A2595,95,2,73,2,30,1,028504,591003,7,,,,1,LIM,3,177,161,2,,,,H,55,2,4.5,,2000
00IN00549,1995042598,A2598,04,A2598,95,2,73,2,30,3,028804,950803,7,,,,7,LIM,*,0,0,0,,97,0425,H,,,4.5,THIN 3/2000,2000
00IN00550,1995042608,A2608,04,A2608,95,2,73,2,30,4,052604,790303,7,,,,6,LIM,3,113,0,0,,76,0425,L,,,4.5,X LUNGER,2000
00IN00551,1995042610,A2610,04,A2610,95,2,73,2,30,7,038604,630103,7,,,,1,LIM,3,158,138,2,,,,H,52,2,4.5,,2000
00IN00552,1995042614,A2614,04,A2614,95,2,73,2,30,4,052604,458303,7,,,,1,GXE,2,187,148,2,X,93,1030,L,43,2,4.5,X LUNGER,2000
00IN00553,1995042620,A2620,04,A2620,95,2,73,2,30,4,052604,817503,7,,,,1,LIM,3,194,189,4,,,,L,55,2,4.5,BAG 5 OK,2000
00IN00554,1995042626,A2626,04,A2626,95,2,73,2,30,2,034704,948003,7,,,,1,GXE,2,172,168,2,,,,L,54,2,4.5,LTS,2000
00IN00555,1995042628,A2628,04,A2628,95,2,73,2,30,9,048504,956203,7,,,,1,LIM,3,148,141,2,,,,H,54,2,4.5,,2000
00IN00556,1995042629,A2629,04,A2629,95,2,73,2,30,2,034704,026404,7,,,,6,LIM,3,182,0,0,,01,0530,L,,,4.5,ALL ORPHANS,2000
00IN00557,1995042630,A2630,04,A2630,95,2,73,2,30,6,042104,955103,7,,,,1,LIM,3,139,134,2,,,,L,56,2,4.5,,2000
00IN00558,1995042632,A2632,04,A2632,95,2,73,2,30,3,028804,594103,2,,,,6,OVX,*,0,0,0,X,95,0208,H,,,4.5,11BAG,2000
00IN00559,1995042639,A2639,04,A2639,95,2,73,2,30,10,056004,288003,7,,,,1,LIM,3,145,165,2,,,,L,53,2,4.5,,2000
00IN00560,1995042666,A2666,04,A2666,95,2,73,2,30,6,042104,272903,7,,,,U,LIM,3,156,143,11,,,,L,U,A,4.5,FOUND 9/10/96,2000
00IN00561,1995042669,A2669,04,A2669,95,2,73,2,30,7,038604,467503,7,,,,1,GXE,1,178,162,2,,,,H,54,2,4.5,,2000
00IN00562,1995042679,A2679,04,A2679,95,2,73,2,30,6,042104,616403,7,,,,1,LIM,3,173,159,3,,,,L,51,2,4.5,CURLY,2000
00IN00563,1995042682,A2682,04,A2682,95,2,73,2,30,6,042104,459103,7,,,,U,LIM,5,168,202,2,,95,1117,L,U,A,4.5,ABS.R.EAR,2000
00IN00564,1995042689,A2689,04,A2689,95,2,73,2,30,5,036804,463403,7,,,,1,LIM,3,169,154,2,,,,H,53,2,4.5,W/ LAMB,2000
00IN00565,1995042690,A2690,04,A2690,95,2,73,2,30,4,052604,822303,7,,,,1,GXE,1,187,178,2,,,,L,41,2,4.5,RP,2000
00IN00566,1995042692,A2692,04,A2692,95,2,73,2,30,5,036804,594903,7,,,,7,GXE,3,180,0,0,,97,0929,H,,,4.5,,2000
00IN00567,1995042693,A2693,04,A2693,95,2,73,2,30,5,036804,594903,7,,,,1,LIM,3,171,167,2,,,,H,51,2,4.5,,2000
00IN00568,1995042696,A2696,04,A2696,95,2,73,2,30,8,047804,443203,7,,,,1,LIM,3,191,164,2,,,,L,51,2,4.5,,2000
00IN00569,1995042718,A2718,04,A2718,95,2,73,2,30,10,056004,524503,7,,,,3,GXE,X,126,0,0,,93,0612,L,,,4.5,SICK MUDLAKE,2000
00IN00570,1995042721,A2721,04,A2721,95,2,73,2,30,8,047804,326903,7,,,,1,GXE,2,152,135,2,,,,L,51,2,4.5,,2000
00IN00571,1995042730,A2730,04,A2730,95,2,73,2,30,2,034704,490403,7,,,,1,LIM,3,172,144,2,,,,L,53,2,4.5,,2000
00IN00572,1995042733,A2733,04,A2733,95,2,73,2,30,10,056004,310803,7,,,,1,GXE,1,193,179,2,,,,L,52,2,4.5,W/ LAMB,2000
00IN00573,1995042752,A2752,04,A2752,95,2,73,2,30,8,047804,956003,7,,,,1,LIM,3,191,196,2,,,,L,53,2,4.5,,2000
00IN00574,1995042758,A2758,04,A2758,95,2,73,2,30,2,034704,817103,7,,,,3,GXE,1,150,148,12,X,93,1030,L,,,4.5,SW.BAG,2000
00IN00575,1995042759,A2759,04,A2759,95,2,73,2,30,1,028504,961803,7,,,,1,GXE,2,161,144,2,,,,H,52,2,4.5,,2000
00IN00576,1995042769,A2769,04,A2769,95,2,73,2,30,9,048504,953003,7,,,,3,LIM,3,177,0,0,,93,1030,H,,,4.5,LATE STRAY,2000
00IN00577,1995042772,A2772,04,A2772,95,2,73,2,30,4,052604,638503,7,,,,1,LIM,3,148,134,2,,,,L,56,2,4.5,,2000
00IN00578,1995042773,A2773,04,A2773,95,2,73,2,30,4,052604,638503,7,,,,1,GXE,1,136,140,2,,,,L,42,2,4.5,,2000
00IN00579,1995042781,A2781,04,A2781,95,2,73,2,30,7,038604,945603,7,,,,1,LIM,3,158,141,2,,,,H,52,2,4.5,,2000
00IN00580,1995042782,A2782,04,A2782,95,2,73,2,30,3,028804,462603,7,,,,6,LIM,*,0,0,0,,10,0401,H,,,4.5,COYOTE,2000
00IN00581,1996042801,A2801,04,A2801,96,1,ch,1,31,j.2,112604,232204,2,,,,3,LIB,*,0,0,0,X,93,0306,c,,,4.0,,2000
00IN00582,1996042807,A2807,04,A2807,96,2,ch,1,31,j.6,424444,230204,2,,NN,,1,,1,214,201,2,,,,h,BF,3,4.0,,2000
00IN00583,1996042812,A2812,04,A2812,96,2,ch,1,31,j.8,434544,232704,2,,NN,,3,,1,178,170,2,,93,1002,h,,,4.0,ABS.LF.CHEST,2000
00IN00584,1996042830,A2830,04,A2830,96,2,ch,1,31,j.0,436744,232304,2,,NN,,1,,5,188,202,1,,,,c,BF,3,4.0,?BLED 12/1,2000
00IN00585,1996042839,A2839,04,A2839,96,2,81,1,30,02,142304,663003,0,,,,7,,2,194,0,0,,97,0915,M,,,4.0,,2000
00IN00586,1996042846,A2846,04,A2846,96,2,82,1,30,28,106304,504503,0,,,,1,,2,152,156,3,,,,C,25,2,4.0,"LAME, RR, ok",2000
00IN00587,1996042848,A2848,04,A2848,96,2,73,1,30,743,163804,167904,7,,,,1,LIM,3,143,135,2,,,,,43,2,4.0,RAT,2000
00IN00588,1996042861,A2861,04,A2861,96,2,ch,1,31,j.3,126404,239504,2,,NN,,3,,1,195,187,2,,93,1002,h,,,4.0,ABS.BRISKET,2000
00IN00589,1996042867,A2867,04,A2867,96,2,ch,1,31,j.2,112604,239804,2,,,,3,OVX,*,0,0,0,X,,,c,,,4.0,SEV.DYSTOCIA,2000
00IN00590,1996042873,A2873,04,A2873,96,2,81,1,30,01,073304,382003,0,,,,1,,2,212,198,2,,,,M,03,2,4.0,4TEATS,2000
00IN00591,1996042877,A2877,04,A2877,96,2,82,1,30,28,106304,144904,0,,,,1,,2,166,163,3,,,,C,26,2,4.0,,2000
00IN00592,1996042879,A2879,04,A2879,96,2,81,1,30,03,104004,110104,0,,,,1,,2,206,179,2,,,,M,04,2,4.0,,2000
00IN00593,1996042884,A2884,04,A2884,96,2,82,1,30,27,139904,984503,0,,,,1,,2,195,172,3,,,,C,27,2,4.0,THICK MILK,2000
00IN00594,1996042885,A2885,04,A2885,96,2,81,1,30,01,073304,999003,0,,,,1,,2,195,188,2,,,,M,41,2,4.0,,2000
00IN00595,1996042888,A2888,04,A2888,96,2,ch,1,31,j.3,126404,220704,2,,NN,,1,,1,159,149,2,,,,h,BF,3,4.0,,2000
00IN00596,1996042889,A2889,04,A2889,96,2,ch,1,31,j.3,126404,220704,2,,,,3,OVX,*,0,0,0,X,,,h,,,4.0,"X,LOW PROD.",2000
00IN00597,1996042894,A2894,04,A2894,96,2,73,1,30,743,163804,175304,7,,,,1,LIM,3,156,151,2,,,,,56,2,4.0,,2000
00IN00598,1996042900,A2900,04,A2900,96,2,ch,1,31,j.5,144404,236404,2,,NN,,1,,2,209,187,2,,,,h,BF,3,4.0,3rd BORN LATE,2000
00IN00599,1996042903,A2903,04,A2903,96,2,ch,1,31,j.7,432544,232604,2,,NN,,1,,1,169,164,3,,,,h,BF,3,4.0,,2000
00IN00600,1996042905,A2905,04,A2905,96,2,ch,1,00,j.9,435344,199804,2,,,,1,,2,153,151,2,,,,c,BF,3,4.0,,2000
00IN00601,1996042908,A2908,04,A2908,96,2,81,1,30,04,094204,021004,0,,,,1,,1,186,173,2,,,,M,01,2,4.0,,2000
00IN00602,1996042912,A2912,04,A2912,96,2,81,1,30,03,104004,745803,0,,,,1,,2,183,178,2,,,,M,02,2,4.0,,2000
00IN00603,1996042919,A2919,04,A2919,96,2,82,1,30,25,103004,669703,0,,,,1,,2,163,149,2,,,,C,28,2,4.0,,2000
00IN00604,1996042956,A2956,04,A2956,96,2,73,1,30,744,156704,162704,7,,,,3,LIM,3,134,116,2,,93,1002,,,,4.0,"THIN,CULL",2000
00IN00605,1996042961,A2961,04,A2961,96,2,82,1,30,28,106304,754403,0,,,,1,,2,185,177,2,,,,C,29,2,4.0,NICE,2000
00IN00606,1996042969,A2969,04,A2969,96,2,81,1,30,03,104004,558003,0,,,,U,,5,186,193,2,,95,1117,M,U,A,4.0,4TEATS,2000
00IN00607,1996042970,A2970,04,A2970,96,2,81,1,30,03,104004,558003,0,,,,1,,2,162,142,3,,,,M,03,2,4.0,CURLY,2000
00IN00608,1996042971,A2971,04,A2971,96,2,73,1,30,742,157204,157404,7,,,,U,LIM,5,184,166,1,,95,1117,,U,A,4.0,,2000
00IN00609,1996042973,A2973,04,A2973,96,2,73,1,30,743,163804,152704,7,,,,1,LIM,3,155,128,2,,,,,53,2,4.0,,2000
00IN00610,1996042986,A2986,04,A2986,96,2,82,1,30,26,093404,077404,0,,,,1,,1,189,182,2,,,,C,42,2,4.0,4TEATS,2000
00IN00611,1996043002,A3002,04,A3002,96,2,81,1,30,01,073304,068604,0,,,,1,,1,164,158,2,,,,M,04,2,4.0,,2000
00IN00612,1996043035,A3035,04,A3035,96,2,82,1,30,20,074004,899303,0,,,,U,,1,178,169,11,,95,1117,C,U,A,4.0,X HARD UDDER,2000
00IN00613,1996043053,A3053,04,A3053,96,2,ch,1,30,-0-,686803,893303,2,,,,1,,1,203,180,2,,,,h,BF,3,4.0,,2000
00IN00614,1996043062,A3062,04,A3062,96,2,73,1,30,741,164504,167304,7,,,,1,GXE,2,134,112,2,,,,,55,2,4.0,,2000
00IN00615,1996043063,A3063,04,A3063,96,1,ch,1,31,-0-,207910,096104,2,,,,3,LIB,*,0,0,0,X,93,0306,h,,,4.0,H6,2000
00IN00616,1996043089,A3089,04,A3089,96,2,ch,1,32,-0-,286444,108804,2,,,,1,,1,181,142,2,,,,h,BF,3,4.0,,2000
00IN00617,1996043093,A3093,04,A3093,96,2,ch,1,31,-2-,190810,722703,2,,NN,,1,,2,152,153,2,,,,h,BF,3,4.0,,2000
00IN00618,1996043098,A3098,04,A3098,96,2,ch,1,00,j.0,436744,247904,2,,,,1,,1,188,164,2,,,,c,BF,3,4.0,,2000
00IN00619,1996043102,A3102,04,A3102,96,2,81,1,30,01,073304,985603,0,,,,1,,2,166,166,3,,,,M,01,2,4.0,SW.BAG,2000
00IN00620,1996043104,A3104,04,A3104,96,2,73,1,30,743,163804,154904,7,,,,1,GXE,2,138,144,4,,,,,54,2,4.0,,2000
00IN00621,1996043105,A3105,04,A3105,96,2,73,1,30,743,163804,154904,7,,,,1,LIM,3,161,153,2,,,,,51,2,4.0,ASSIST@BIRTH,2000
00IN00622,1996043113,A3113,04,A3113,96,2,82,1,30,21,081104,005004,0,,,,U,,2,170,167,2,,95,1117,C,U,A,4.0,TEAT WORTS,2000
00IN00623,1996043116,A3116,04,A3116,96,2,82,1,30,22,094404,073804,0,,,,1,,2,182,154,2,,,,C,30,2,4.0,HARD BAG,2000
00IN00624,1996043127,A3127,04,A3127,96,2,ch,1,31,-2-,190810,975603,2,,NN,,1,,1,142,146,2,,,,h,BF,3,4.0,"B1,THIN'99",2000
00IN00625,1996043132,A3132,04,A3132,96,2,ch,1,31,j.4,129704,222304,2,,NN,,1,,1,159,155,2,,,,c,BF,3,4.0,?SEMEN'97-98,2000
00IN00626,1996043140,A3140,04,A3140,96,2,73,1,30,744,156704,163704,7,,,,1,LIM,3,176,168,3,,,,,55,2,4.0,,2000
00IN00627,1996043161,A3161,04,A3161,96,2,82,1,30,21,081104,336303,0,,,,1,,1,170,157,2,,,,C,31,2,4.0,,2000
00IN00628,1996043164,A3164,04,A3164,96,1,ch,1,31,-2-,149710,116904,2,,,,3,LIB,*,0,0,0,1,,,c,,,4.0,,2000
00IN00629,1996043168,A3168,04,A3168,96,2,00,1,30,e.7,070804,177904,1,,,0,1,BLK,1,172,178,2,B,,,.,01,2,4.0,"DYSTOCIA,BLK.",2000
00IN00630,1996043178,A3178,04,A3178,96,2,82,1,30,31,103104,703803,0,,,,1,,1,172,165,2,,,,C,20,2,4.0,R.P.,2000
00IN00631,1996043190,A3190,04,A3190,96,1,ch,1,31,-2-,207910,977603,2,,,,3,LIB,*,0,0,0,1,,,h,,,4.0,JUMPER,2000
00IN00632,1996043196,A3196,04,A3196,96,2,82,1,30,22,094404,005104,0,,,,1,,2,144,124,2,,,,C,22,2,4.0,EARLY,2000
00IN00633,1996043198,A3198,04,A3198,96,2,81,1,30,03,104004,069504,0,,,,1,,1,188,171,2,,,,M,02,2,4.0,,2000
00IN00634,1996043210,A3210,04,A3210,96,2,73,1,30,743,163804,152504,7,,,,6,LIM,3,182,0,0,,16,0601,,,,4.0,ON BACK,2000
00IN00635,1996043215,A3215,04,A3215,96,2,81,1,30,01,073304,997403,0,,,,U,,2,140,152,11,,95,1117,M,U,A,4.0,,2000
00IN00636,1996043223,A3223,04,A3223,96,1,ch,1,31,-2-,042310,109904,2,,,,3,LIB,*,0,0,0,X,93,0306,c,,,4.0,,2000
00IN00637,1996043224,A3224,04,A3224,96,2,ch,1,31,-2-,042310,109904,2,,NN,,3,,H,151,153,2,,93,1002,c,,,4.0,LUNGER X,2000
00IN00638,1996043229,A3229,04,A3229,96,2,ch,1,31,-0-,154110,554103,2,,NN,,1,,1,209,193,2,,,,h,BF,3,4.0,,2000
00IN00639,1996043231,A3231,04,A3231,96,2,ch,1,30,-2-,686803,598103,2,,,,1,,1,150,145,2,,,,h,BF,3,4.0,,2000
00IN00640,1996043232,A3232,04,A3232,96,2,73,1,30,742,157204,170204,7,,,,U,LIM,3,176,175,11,,,,,U,A,4.0,,2000
00IN00641,1996043248,A3248,04,A3248,96,2,81,1,30,01,073304,561203,0,,,,1,,3,195,175,2,,,,M,03,2,4.0,,2000
00IN00642,1996043249,A3249,04,A3249,96,2,ch,1,31,-2-,207910,131504,2,,NN,,1,,1,155,146,2,,,,h,BF,3,4.0,,2000
00IN00643,1996043251,A3251,04,A3251,96,2,ch,1,34,-0-,686803,133704,2,,,,3,,2,188,180,4,,93,1002,h,,,4.0,,2000
00IN00644,1996043264,A3264,04,A3264,96,2,ch,1,32,-2-,286444,988503,2,,,,1,,2,135,138,2,,,,h,BF,3,4.0,,2000
00IN00645,1996043270,A3270,04,A3270,96,2,73,1,30,742,157204,153104,7,,,,1,GXE,2,190,175,2,,,,,55,2,4.0,,2000
00IN00646,1996043275,A3275,04,A3275,96,2,81,1,30,01,073304,974303,0,,,,1,,1,187,170,3,,,,M,04,2,4.0,TRT EYE,2000
00IN00647,1996043277,A3277,04,A3277,96,2,ch,1,00,j.8,434544,251104,2,,,,6,,*,0,0,0,,88,0402,h,,,4.0,"HYDROPS,DEAD",2000
00IN00648,1996043280,A3280,04,A3280,96,2,82,1,30,20,074004,771203,0,,,,1,,1,158,148,2,,,,C,21,2,4.0,,2000
00IN00649,1996043291,A3291,04,A3291,96,2,ch,1,31,-0-,139010,868903,2,,NN,,1,,1,191,173,2,,,,h,BF,3,4.0,,2000
00IN00650,1996043293,A3293,04,A3293,96,2,82,1,30,29,069704,401803,0,,,,1,,2,182,159,2,,,,C,23,2,4.0,"R.BLOODY,ok",2000
00IN00651,1996043294,A3294,04,A3294,96,2,82,1,30,22,094404,998403,0,,,,1,,1,182,162,2,,,,C,24,2,4.0,,2000
00IN00652,1996043297,A3297,04,A3297,96,2,81,1,30,01,073304,108904,0,,,,1,,1,171,168,2,,,,M,01,2,4.0,,2000
00IN00653,1996043300,A3300,04,A3300,96,2,82,1,30,30,076004,994903,0,,,,1,,2,181,167,2,,,,C,43,2,4.0,,2000
00IN00654,1996043313,A3313,04,A3313,96,2,81,1,30,04,094204,745903,0,,,,1,,1,133,139,2,,,,M,02,2,4.0,,2000
00IN00655,1996043318,A3318,04,A3318,96,2,81,1,30,03,104004,018104,0,,,,1,,2,177,156,2,,,,M,03,2,4.0,,2000
00IN00656,1996043321,A3321,04,A3321,96,2,73,1,30,744,156704,153704,7,,,,1,LIM,3,182,170,2,,,,,56,2,4.0,,2000
00IN00657,1996043334,A3334,04,A3334,96,2,73,1,30,744,156704,172304,7,,,,1,GXE,2,127,138,2,,,,,55,2,4.0,,2000
00IN00658,1996043337,A3337,04,A3337,96,2,81,1,30,04,094204,372203,0,,,,1,,2,161,160,2,,,,M,04,2,4.0,,2000
00IN00659,1996043339,A3339,04,A3339,96,2,ch,1,31,-0-,154110,884503,2,,NN,,1,,2,184,180,2,,,,h,BF,3,4.0,DYSTOCIA,2000
00IN00660,1996043343,A3343,04,A3343,96,2,81,1,30,01,073304,110304,0,,,,7,,1,198,0,0,,97,0915,M,,,4.0,R.P.,2000
00IN00661,1996043346,A3346,04,A3346,96,2,ch,1,31,-2-,139010,100004,2,,NN,,1,,1,179,175,2,,,,h,BF,3,4.0,L.BLOODY MILK,2000
00IN00662,1996043357,A3357,04,A3357,96,2,73,1,30,741,164504,154404,7,,,,1,GXE,1,147,151,2,,,,,51,2,4.0,,2000
00IN00663,1996043358,A3358,04,A3358,96,2,81,1,30,01,073304,149304,0,,,,U,,5,207,224,1,,95,1117,M,U,A,4.0,LTS,2000
00IN00664,1996043359,A3359,04,A3359,96,2,73,1,30,741,164504,170504,7,,,,U,LIM,5,155,172,1,,95,1117,,U,A,4.0,,2000
00IN00665,1996043360,A3360,04,A3360,96,2,73,1,30,741,164504,170504,7,,,,U,LIM,5,149,163,1,,95,1117,,U,A,4.0,HAIRY,2000
00IN00666,1996043361,A3361,04,A3361,96,1,ch,1,31,-0-,042310,107804,2,,,,3,LIB,*,0,0,0,X,93,0306,c,,,4.0,,2000
00IN00667,1996043372,A3372,04,A3372,96,2,ch,1,31,-2-,042310,112904,2,,NN,,1,,1,184,162,4,,,,c,BF,3,4.0,DYSTOCIA97,2000
00IN00668,1996043381,A3381,04,A3381,96,2,ch,1,31,-2-,187810,107904,2,,NN,,1,,1,181,177,4,,,,c,BF,3,4.0,SW.BAG,2000
00IN00669,1996043384,A3384,04,A3384,96,2,82,1,30,30,076004,018704,0,,,,U,,5,201,217,4,,95,1103,C,U,A,4.0,,2000
00IN00670,1996043388,A3388,04,A3388,96,2,81,1,30,02,142304,968503,0,,,,1,,2,179,167,2,,,,M,01,2,4.0,,2000
00IN00671,1996043393,A3393,04,A3393,96,2,73,1,30,742,157204,161704,7,,,,U,GXE,1,220,205,3,,95,1106,,U,A,4.0,HARDBAG,2000
00IN00672,1996043403,A3403,04,A3403,96,2,82,1,30,24,107004,725403,0,,,,3,,2,130,0,0,,93,0710,C,,,4.0,"THIN,HEALTH",2000
00IN00673,1996043406,A3406,04,A3406,96,2,ch,1,31,j.5,144404,230004,2,,NN,,1,,1,204,182,2,,,,h,BF,3,4.0,THIN,2000
00IN00674,1996043427,A3427,04,A3427,96,2,00,1,30,21,081104,915403,1,,,0,3,BLK,2,160,145,12,X,93,1030,.,,,4.0,"X,BLUEBAG",2000
00IN00675,1996043432,A3432,04,A3432,96,2,81,1,30,01,073304,526303,0,,,,1,,2,173,163,2,,,,M,02,2,4.0,,2000
00IN00676,1996043437,A3437,04,A3437,96,2,82,1,30,23,101504,075404,0,,,,U,,5,143,155,1,,95,1117,C,U,A,4.0,,2000
00IN00677,1996043464,A3464,04,A3464,96,2,81,1,30,03,104004,071104,0,,,,1,,2,196,156,2,,,,M,03,2,4.0,HAIRY,2000
00IN00678,1996043468,A3468,04,A3468,96,1,81,1,30,04,094204,985403,2,,,,3,LIB,*,0,0,0,X,93,0306,M,,,4.0,HORN4,2000
00IN00679,1996043472,A3472,04,A3472,96,2,73,1,30,743,163804,165704,7,,,,6,LIM,3,178,0,0,,05,0714,,,,4.0,BLUEBAG 7/14,2000
00IN00680,1996043481,A3481,04,A3481,96,2,81,1,30,02,142304,851603,0,,,,1,,1,188,177,2,,,,M,04,2,4.0,,2000
00IN00681,1996043489,A3489,04,A3489,96,2,82,1,30,24,107004,095404,0,,,,1,,2,163,139,2,,,,C,25,2,4.0,FIX BIG TAG**,2000
00IN00682,1996043498,A3498,04,A3498,96,2,73,1,30,744,156704,161004,7,,,,1,LIM,3,155,169,2,,,,,56,2,4.0,,2000
00IN00683,1996043502,A3502,04,A3502,96,1,81,1,30,02,142304,714403,2,,,,3,LIB,*,0,0,0,X,93,0306,M,,,4.0,,2000
00IN00684,1996043504,A3504,04,A3504,96,2,81,1,30,03,104004,507703,0,,,,U,,2,174,156,9,,95,1117,M,U,A,4.0,XHARDBAG+JAW,2000
00IN00685,1996043507,A3507,04,A3507,96,2,73,1,30,741,164504,151704,7,,,,1,GXE,2,149,147,5,,,,,56,2,4.0,,2000
00IN00686,1996043516,A3516,04,A3516,96,2,ch,1,31,j.9,435344,236104,2,,NN,,1,,5,148,166,1,,,,c,BF,3,4.0,THIN,2000
00IN00687,1996043518,A3518,04,A3518,96,2,82,1,30,20,074004,333503,0,,,,3,,2,116,0,0,,93,0710,C,,,4.0,THIN,2000
00IN00688,1996043526,A3526,04,A3526,96,2,81,1,30,01,073304,118304,0,,,,6,,2,166,0,0,,05,0620,M,,,4.0,,2000
00IN00689,1996043533,A3533,04,A3533,96,2,81,1,30,03,104004,986403,0,,,,1,,2,191,161,3,,,,M,01,2,4.0,,2000
00IN00690,1996043541,A3541,04,A3541,96,2,73,1,30,742,157204,154604,7,,,,6,GXE,2,161,0,0,,05,0619,,,,4.0,X HUGE BAG,2000
00IN00691,1996043546,A3546,04,A3546,96,2,82,1,30,27,139904,872503,0,,,,1,,2,170,155,2,,,,C,26,2,4.0,LTS,2000
00IN00692,1996043550,A3550,04,A3550,96,2,81,1,30,01,073304,910203,0,,,,1,,2,202,193,4,,,,M,41,2,4.0,,2000
00IN00693,1996043551,A3551,04,A3551,96,2,81,1,30,01,073304,910203,0,,,,1,,2,158,154,2,,,,M,02,2,4.0,,2000
00IN00694,1996043553,A3553,04,A3553,96,2,82,1,30,30,076004,079904,0,,,,1,,1,187,179,5,,,,C,27,2,4.0,,2000
00IN00695,1996043558,A3558,04,A3558,96,2,73,1,30,744,156704,161804,7,,,,1,LIM,3,188,157,2,,,,,53,2,4.0,,2000
00IN00696,1996043561,A3561,04,A3561,96,2,73,1,30,741,164504,157904,7,,,,U,GXE,2,165,163,2,,95,1117,,U,A,4.0,,2000
00IN00697,1996043564,A3564,04,A3564,96,2,73,1,30,742,157204,164104,7,,,,1,LIM,3,169,166,2,,,,,52,2,4.0,HARD BAG,2000
00IN00698,1996043565,A3565,04,A3565,96,2,73,1,30,742,157204,164104,7,,,,1,GXE,2,183,157,2,,,,,54,2,4.0,,2000
00IN00699,1996043570,A3570,04,A3570,96,2,81,1,30,01,073304,851703,0,,,,1,,2,160,162,2,,,,M,03,2,4.0,,2000
00IN00700,1996043576,A3576,04,A3576,96,2,73,1,30,744,156704,176104,7,,,,6,GXE,*,0,0,0,,88,0315,,,,4.0,HYDROPS,2000
00IN00701,1996043587,A3587,04,A3587,96,2,82,1,30,23,101504,782103,0,,,,1,,2,184,172,3,,,,C,28,2,4.0,,2000
00IN00702,1996043604,A3604,04,A3604,96,2,82,1,30,23,101504,485103,0,,,,1,,2,148,146,2,,,,C,29,2,4.0,,2000
00IN00703,1996043619,A3619,04,A3619,96,2,82,1,30,29,069704,116404,0,,,,1,,2,183,177,2,,,,C,30,2,4.0,,2000
00IN00704,1996043632,A3632,04,A3632,96,2,ch,1,31,j.4,129704,244204,2,,NN,,1,,1,147,147,2,,,,c,BF,3,4.0,LONG(MED)TAIL,2000
00IN00705,1996043637,A3637,04,A3637,96,2,82,1,30,21,081104,567503,0,,,,1,,2,208,186,2,,,,C,42,2,4.0,NICE,2000
00IN00706,1996043664,A3664,04,A3664,96,2,73,2,30,6,163804,467503,7,,,,1,GXE,2,173,156,2,,,,H,54,2,3.5,4TEATS,2000
00IN00707,1996043670,A3670,04,A3670,96,2,73,2,30,3,159504,137404,7,,,,6,GXE,1,165,0,0,,11,0801,L,,,3.5,,2000
00IN00708,1996043671,A3671,04,A3671,96,2,73,2,30,3,159504,137404,7,,,,1,GXE,2,149,137,2,,,,L,52,2,3.5,,2000
00IN00709,1996043675,A3675,04,A3675,96,2,73,2,30,9,169304,628403,7,,,,1,LIM,3,167,159,2,,,,L,53,2,3.5,,2000
00IN00710,1996043679,A3679,04,A3679,96,2,73,2,30,1,152804,819803,7,,,,1,GXE,2,200,177,2,,,,L,51,2,3.5,HAIRY,2000
00IN00711,1996043681,A3681,04,A3681,96,2,73,2,30,3,159504,189904,7,,,,U,LIM,3,143,151,1,,,,L,U,A,3.5,"VLTS, X",2000
00IN00712,1996043694,A3694,04,A3694,96,2,73,2,30,9,169304,035404,7,,,,1,GXE,1,144,138,2,,,,L,43,2,3.5,,2000
00IN00713,1996043697,A3697,04,A3697,96,2,73,2,30,1,152804,058404,7,,,,1,GXE,2,171,163,2,,,,L,41,2,3.5,,2000
00IN00714,1996043699,A3699,04,A3699,96,2,73,2,30,5,162004,763003,7,,,,1,GXE,2,147,158,4,,,,L,51,2,3.5,LTS,2000
00IN00715,1996043702,A3702,04,A3702,96,2,73,2,30,1,152804,794203,7,,,,U,LIM,3,173,177,11,,,,L,U,A,3.5,,2000
00IN00716,1996043703,A3703,04,A3703,96,2,73,2,30,1,152804,794203,7,,,,1,GXE,2,197,180,2,,,,L,42,2,3.5,,2000
00IN00717,1996043708,A3708,04,A3708,96,2,73,2,30,7,167804,936503,7,,,,1,GXE,1,157,148,2,,,,L,53,2,3.5,,2000
00IN00718,1996043721,A3721,04,A3721,96,2,73,2,30,2,155804,060304,7,,,,1,GXE,2,176,156,2,,,,H,56,2,3.5,NICE,2000
00IN00719,1996043729,A3729,04,A3729,96,2,73,2,30,7,167804,817203,7,,,,1,GXE,1,159,143,2,,,,L,54,2,3.5,FLTS,2000
00IN00720,1996043734,A3734,04,A3734,96,2,73,2,30,1,152804,135104,7,,,,1,GXE,2,167,164,2,,,,L,43,2,3.5,,2000
00IN00721,1996043742,A3742,04,A3742,96,2,73,2,30,8,171904,120704,7,,,,1,GXE,1,162,155,2,,,,H,41,2,3.5,4TEATS,2000
00IN00722,1996043753,A3753,04,A3753,96,2,00,2,30,2,155804,452403,1,,,0,1,BLK,1,148,146,2,B,,,.,01,2,3.5,PINTO EWE,2000
00IN00723,1996043762,A3762,04,A3762,96,2,73,2,30,8,171904,956503,7,,,,1,GXE,1,150,141,2,,,,H,42,2,3.5,,2000
00IN00724,1996043767,A3767,04,A3767,96,2,73,2,30,7,167804,590103,7,,,,1,GXE,2,180,165,3,,,,L,52,2,3.5,CUT BELLY,2000
00IN00725,1996043778,A3778,04,A3778,96,2,73,2,30,10,159404,094304,7,,,,1,LIM,3,161,150,3,,,,H,53,2,3.5,,2000
00IN00726,1996043782,A3782,04,A3782,96,2,73,2,30,8,171904,291403,7,,,,1,GXE,2,155,152,4,,,,H,52,2,3.5,4TEATS,2000
00IN00727,1996043788,A3788,04,A3788,96,2,73,2,30,2,155804,462603,7,,,,U,GXE,5,165,171,2,,,,H,U,A,3.5,4TEATS,2000
00IN00728,1996043789,A3789,04,A3789,96,2,73,2,30,3,159504,465903,7,,,,1,LIM,3,155,161,3,,,,L,56,2,3.5,4TEATS,2000
00IN00729,1996043809,A3809,04,A3809,96,2,73,2,30,10,159404,055804,7,,,,1,GXE,1,164,160,6,,,,H,54,2,3.5,,2000
00IN00730,1996043817,A3817,04,A3817,96,2,73,2,30,2,155804,711703,7,,,,3,LIM,3,160,143,2,,93,1002,H,,,3.5,RUPTURE X,2000
00IN00731,1996043822,A3822,04,A3822,96,2,00,2,30,10,159404,647603,1,,,0,3,BLK,1,164,152,6,B,93,1002,.,,,3.5,PINTO EWE X,2000
00IN00732,1996043824,A3824,04,A3824,96,2,73,2,30,7,167804,941303,7,,,,1,LIM,3,157,139,2,,,,L,53,2,3.5,,2000
00IN00733,1996043827,A3827,04,A3827,96,2,73,2,30,9,169304,823003,7,,,,1,LIM,3,146,136,2,,,,L,51,2,3.5,,2000
00IN00734,1996043834,A3834,04,A3834,96,2,73,2,30,10,159404,790303,7,,,,1,GXE,2,169,157,2,,,,H,43,2,3.5,F4,2000
00IN00735,1996043836,A3836,04,A3836,96,2,73,2,30,9,169304,446303,7,,,,1,GXE,1,201,193,2,,,,L,52,2,3.5,,2000
00IN00736,1996043854,A3854,04,A3854,96,2,73,2,30,1,152804,461703,7,,,,1,LIM,3,175,165,3,,,,L,52,2,3.5,,2000
00IN00737,1996043857,A3857,04,A3857,96,2,73,2,30,4,157204,621303,7,,,,U,GXE,1,190,181,10,,,,H,U,A,3.5,,2000
00IN00738,1996043867,A3867,04,A3867,96,2,73,2,30,8,171904,936703,7,,,,1,LIM,3,174,152,2,,,,H,41,2,3.5,,2000
00IN00739,1996043876,A3876,04,A3876,96,2,73,2,30,5,162004,585603,7,,,,U,GXE,2,130,135,9,,,,L,U,A,3.5,THIN,2000
00IN00740,1996043878,A3878,04,A3878,96,2,73,2,30,2,155804,814703,7,,,,1,GXE,2,178,172,2,,,,H,54,2,3.5,COUGH ??,2000
00IN00741,1996043881,A3881,04,A3881,96,2,73,2,30,6,163804,025804,7,,,,1,GXE,1,151,149,4,,,,H,52,2,3.5,,2000
00IN00742,1996043882,A3882,04,A3882,96,2,73,2,30,8,171904,120604,7,,,,7,GXE,2,127,0,0,,97,0915,H,,,3.5,"THIN,CLA?",2000
00IN00743,1996043895,A3895,04,A3895,96,2,73,2,30,2,155804,795103,7,,,,U,LIM,3,166,145,2,,,,H,U,A,3.5,COARSE,2000
00IN00744,1996043897,A3897,04,A3897,96,2,73,2,30,9,169304,645303,7,,,,7,GXE,1,142,0,0,,97,0915,L,,,3.5,NICE EWE,2000
00IN00745,1996043932,A3932,04,A3932,96,2,73,2,30,10,159404,518503,7,,,,1,LIM,3,173,152,3,,,,H,51,2,3.5,,2000
00IN00746,1996043952,A3952,04,A3952,96,2,73,2,30,9,169304,594103,7,,,,1,LIM,3,167,148,2,,,,L,55,2,3.5,,2000
00IN00747,1996043953,A3953,04,A3953,96,2,73,2,30,9,169304,594103,7,,,,1,LIM,3,160,142,2,,,,L,54,2,3.5,,2000
00IN00748,1996043969,A3969,04,A3969,96,2,73,2,30,6,163804,940003,7,,,,1,GXE,1,195,176,3,,,,H,51,2,3.5,,2000
00IN00749,1997044060,A4060,04,A4060,97,2,00,1,30,24,219104,200004,1,,,0,1,BLK,1,155,137,2,B,,,.,02,2,3.0,MARKER EWE,2000
00IN00750,1997044074,A4074,04,A4074,97,2,00,1,71,ai0,021400,224304,0,,,,1,,2,161,140,2,,,,F,01,2,3.0,NICE EWE,2000
00IN00751,1997044075,A4075,04,A4075,97,2,00,1,71,ai0,021400,224304,0,,,,1,,2,149,133,6,,,,F,02,2,3.0,,2000
00IN00752,1997044078,A4078,04,A4078,97,2,82,1,30,25,207404,972103,0,,,,1,,2,179,157,2,,,,C,25,2,3.0,,2000
00IN00753,1997044079,A4079,04,A4079,97,2,82,1,30,25,207404,972103,0,,,,6,,*,0,0,0,,19,0106,C,,,3.0,,2000
00IN00754,1997044081,A4081,04,A4081,97,2,81,1,30,02,209604,185504,0,,,,1,,2,171,161,2,,,,M,04,2,3.0,4TEATS,2000
00IN00755,1997044096,A4096,04,A4096,97,2,82,1,30,28,199904,192004,0,,,,1,,1,160,159,2,,,,C,20,2,3.0,4TEATS,2000
00IN00756,1997044100,A4100,04,A4100,97,2,00,1,71,ai0,021400,205004,0,,,,1,,2,146,128,3,,,,F,03,2,3.0,4TEATS,2000
00IN00757,1997044110,A4110,04,A4110,97,2,00,1,71,ai0,005000,230804,0,,,,1,,2,151,146,2,,,,F,04,2,3.0,BRITCHY,2000
00IN00758,1997044111,A4111,04,A4111,97,2,81,1,30,03,214604,231304,0,,,,1,,2,165,158,2,,,,M,01,2,3.0,,2000
00IN00759,1997044112,A4112,04,A4112,97,2,81,1,30,03,214604,231304,0,,,,3,,2,163,159,3,,93,1002,M,,,3.0,LTS,2000
00IN00760,1997044118,A4118,04,A4118,97,2,00,1,71,ai0,021400,192704,0,,,,1,,1,161,158,2,,,,F,01,2,3.0,4TEATS,2000
00IN00761,1997044128,A4128,04,A4128,97,2,81,1,30,03,214604,225204,0,,,,1,,1,151,152,2,,,,M,02,2,3.0,4TEATS,2000
00IN00762,1997044129,A4129,04,A4129,97,2,73,1,30,743,258104,273904,7,,,,1,LIM,3,156,169,2,,,,H,42,2,3.0,,2000
00IN00763,1997044133,A4133,04,A4133,97,2,81,1,30,02,209604,097504,0,,,,1,,2,122,138,2,,,,M,04,2,3.0,,2000
00IN00764,1997044134,A4134,04,A4134,97,2,81,1,30,02,209604,097504,0,,,,1,,3,158,163,2,,,,M,04,2,3.0,,2000
00IN00765,1997044139,A4139,04,A4139,97,2,00,1,71,ai0,021400,507703,0,,,,1,,1,129,133,2,,,,F,02,2,3.0,BRITCHY,2000
00IN00766,1997044142,A4142,04,A4142,97,1,00,1,71,ai0,028300,209704,0,,FXR,,1,FXP,M,210,233,0,,,,F,,,3.0,RAM      EFxP,2000
00IN00767,1997044150,A4150,04,A4150,97,2,82,1,30,27,208504,726003,0,,,,6,,2,148,0,0,,05,0617,C,,,3.0,MASTITIS 6/17,2000
00IN00768,1997044167,A4167,04,A4167,97,2,00,1,71,ai0,028300,123404,0,,,,3,,1,166,169,4,,93,1002,F,,,3.0,"SW.BAG,PROBS",2000
00IN00769,1997044172,A4172,04,A4172,97,2,82,1,30,21,206204,211604,0,,,,1,,1,136,132,2,,,,C,21,2,3.0,4TEATS,2000
00IN00770,1997044175,A4175,04,A4175,97,2,00,1,71,ai0,028300,722703,0,,,,1,,2,163,156,3,,,,F,03,2,3.0,,2000
00IN00771,1997044176,A4176,04,A4176,97,2,00,1,71,ai0,021400,917703,0,,,,1,,2,169,160,2,,,,F,04,2,3.0,TRT R.EYE '00,2000
00IN00772,1997044177,A4177,04,A4177,97,2,00,1,71,ai0,021400,917703,0,,,,3,,2,196,177,12,,93,1002,F,,,3.0,,2000
00IN00773,1997044179,A4179,04,A4179,97,2,00,1,71,ai0,021400,707903,0,,,,1,,2,147,146,2,,,,F,01,2,3.0,LT,2000
00IN00774,1997044180,A4180,04,A4180,97,2,00,1,71,ai0,028300,595503,0,,,,1,,2,139,138,2,,,,F,02,2,3.0,TRT L.EYE,2000
00IN00775,1997044182,A4182,04,A4182,97,2,00,1,71,ai0,021400,087604,0,,,,3,,2,170,169,4,,93,1002,F,,,3.0,FIBER?,2000
00IN00776,1997044187,A4187,04,A4187,97,2,00,1,71,ai0,028300,968503,0,,,,1,,2,144,139,2,,,,F,03,2,3.0,SAVE,2000
00IN00777,1997044194,A4194,04,A4194,97,2,00,1,71,ai0,005000,882003,0,,,,3,,2,126,141,3,,93,1002,F,,,3.0,ABS.L.NECK X,2000
00IN00778,1997044203,A4203,04,A4203,97,1,00,1,71,ai0,021400,775403,0,,FXR,,1,FXP,M,234,270,0,,,,F,,,3.0,RAM      EFxP,2000
00IN00779,1997044205,A4205,04,A4205,97,2,00,1,71,ai0,028300,968103,0,,,,1,,1,143,144,2,,,,F,04,2,3.0,L.CORNEA.ULCE,2000
00IN00780,1997044207,A4207,04,A4207,97,2,82,1,30,24,219104,180904,0,,,,1,,1,188,178,2,,,,C,22,2,3.0,,2000
00IN00781,1997044211,A4211,04,A4211,97,2,00,1,71,ai0,021400,515303,0,,,,1,,1,172,181,2,,,,F,20,2,3.0,INJURY R.HOCK,2000
00IN00782,1997044219,A4219,04,A4219,97,2,00,1,71,ai0,028300,999003,0,,,,3,,1,178,180,12,,93,1002,F,,,3.0,10MILK,2000
00IN00783,1997044220,A4220,04,A4220,97,2,00,1,71,ai0,028300,195104,0,,,,1,,2,143,140,2,,,,F,21,2,3.0,NICE BAG,2000
00IN00784,1997044222,A4222,04,A4222,97,2,82,1,30,26,202604,142804,0,,,,1,,1,174,163,2,,,,C,43,2,3.0,,2000
00IN00785,1997044234,A4234,04,A4234,97,2,00,1,71,ai0,005000,684603,0,,,,1,,1,151,152,3,,,,F,22,2,3.0,"B2,THIN'99",2000
00IN00786,1997044235,A4235,04,A4235,97,2,00,1,71,ai0,005000,684603,0,,,,3,,H,133,130,3,,93,1002,F,,,3.0,LUNGER X,2000
00IN00787,1997044241,A4241,04,A4241,97,2,73,1,30,744,266204,263804,7,,,,1,GXE,2,157,159,3,,,,L,56,2,3.0,,2000
00IN00788,1997044242,A4242,04,A4242,97,2,73,1,30,744,266204,263804,2,,,,3,OVX,*,0,0,0,X,,,L,,,3.0,BARREN,2000
00IN00789,1997044245,A4245,04,A4245,97,2,00,1,71,ai0,028300,476203,0,,,,7,,2,165,0,0,,97,0915,F,,,3.0,FIBERY?,2000
00IN00790,1997044253,A4253,04,A4253,97,2,82,1,30,26,202604,202404,0,,,,1,,1,166,164,2,,,,C,23,2,3.0,,2000
00IN00791,1997044255,A4255,04,A4255,97,2,81,1,30,01,199404,212804,0,,,,6,,*,0,0,0,,01,0505,M,,,3.0,DEAD 5/5/00,2000
00IN00792,1997044258,A4258,04,A4258,97,2,00,1,71,ai0,005000,092904,0,,,,1,,1,150,150,3,,,,F,23,2,3.0,SW.BAG,2000
00IN00793,1997044260,A4260,04,A4260,97,2,00,1,71,ai0,005000,145204,0,,,,1,,1,187,172,2,,,,F,24,2,3.0,,2000
00IN00794,1997044261,A4261,04,A4261,97,2,81,1,30,03,214604,986303,0,,,,1,,1,163,156,2,,,,M,03,2,3.0,,2000
00IN00795,1997044263,A4263,04,A4263,97,2,81,1,30,01,199404,229204,0,,,,1,,2,149,145,2,,,,M,02,2,3.0,,2000
00IN00796,1997044267,A4267,04,A4267,97,2,82,1,30,25,207404,202104,0,,,,1,,1,148,157,2,,,,C,24,2,3.0,,2000
00IN00797,1997044269,A4269,04,A4269,97,2,00,1,71,ai0,028300,143904,0,,,,1,,2,151,150,3,,,,F,25,2,3.0,FIBERY? M2,2000
00IN00798,1997044277,A4277,04,A4277,97,2,82,1,30,27,208504,988403,0,,,,1,,2,168,165,2,,,,C,31,2,3.0,,2000
00IN00799,1997044278,A4278,04,A4278,97,2,00,1,71,ai0,021400,776903,0,,,,1,,1,138,135,2,,,,F,26,2,3.0,HARDBAG?,2000
00IN00800,1997044279,A4279,04,A4279,97,2,00,1,71,ai0,021400,776903,0,,,,1,,1,160,160,2,,,,F,27,2,3.0,,2000
00IN00801,1997044281,A4281,04,A4281,97,2,82,1,30,23,211704,006804,0,,,,6,,*,0,0,0,,67,0401,C,,,3.0,ENTR,2000
00IN00802,1997044282,A4282,04,A4282,97,2,82,1,30,23,211704,006804,0,,,,1,,2,182,170,2,,,,C,26,2,3.0,PINK,2000
00IN00803,1997044284,A4284,04,A4284,97,2,73,1,30,743,258104,269304,7,,,,1,LIM,3,158,148,2,,,,H,55,2,3.0,,2000
00IN00804,1997044294,A4294,04,A4294,97,2,73,1,30,742,274604,259104,7,,,,1,LIM,3,141,131,2,,,,L,53,2,3.0,,2000
00IN00805,1997044301,A4301,04,A4301,97,2,00,1,71,ai0,028300,107404,0,,,,3,,2,165,160,4,,93,1002,F,,,3.0,BAD EYE X,2000
00IN00806,1997044305,A4305,04,A4305,97,2,00,1,71,ai0,005000,140404,0,,,,1,,1,160,159,3,,,,F,28,2,3.0,,2000
00IN00807,1997044308,A4308,04,A4308,97,2,00,1,71,ai0,005000,872303,0,,,,1,,2,148,141,4,,,,F,29,2,3.0,,2000
00IN00808,1997044319,A4319,04,A4319,97,2,73,1,30,742,274604,276104,7,,,,U,LIM,3,176,168,2,,,,H,U,A,3.0,BAD BACK,2000
00IN00809,1997044327,A4327,04,A4327,97,2,82,1,30,28,199904,247404,0,,,,1,,1,137,128,2,,,,C,27,2,3.0,"B2,THIN'99",2000
00IN00810,1997044328,A4328,04,A4328,97,1,81,1,30,02,209604,714403,0,,,,2,113,M,221,255,0,,92,0921,M,,,3.0,NICE,2000
00IN00811,1997044343,A4343,04,A4343,97,2,81,1,30,03,214604,254604,0,,,,1,,2,164,171,2,,,,M,03,2,3.0,NICE,2000
00IN00812,1997044344,A4344,04,A4344,97,2,73,1,30,741,269804,278104,7,,,,1,LIM,3,173,136,2,,,,H,41,2,3.0,,2000
00IN00813,1997044345,A4345,04,A4345,97,2,73,1,30,741,269804,278104,7,,,,1,LIM,3,151,135,2,,,,H,51,2,3.0,,2000
00IN00814,1997044351,A4351,04,A4351,97,2,00,1,71,ai0,028300,954403,0,,,,6,,2,170,0,0,,05,0530,F,,,3.0,THIN,2000
00IN00815,1997044362,A4362,04,A4362,97,2,82,1,30,28,199904,102604,0,,,,1,,1,142,135,2,,,,C,28,2,3.0,FX.RIBS,2000
00IN00816,1997044368,A4368,04,A4368,97,2,73,1,30,742,274604,266604,7,,,,1,GXE,1,152,141,4,,,,L,56,2,3.0,,2000
00IN00817,1997044378,A4378,04,A4378,97,2,81,1,30,03,214604,520203,0,,,,1,,2,157,150,2,,,,M,01,2,3.0,,2000
00IN00818,1997044391,A4391,04,A4391,97,2,82,1,30,27,208504,208304,0,,,,1,,1,169,169,2,,,,C,29,2,3.0,,2000
00IN00819,1997044399,A4399,04,A4399,97,2,73,1,30,744,266204,269604,7,,,,1,GXE,2,164,164,2,,,,L,55,2,3.0,,2000
00IN00820,1997044415,A4415,04,A4415,97,2,82,1,30,23,211704,126704,0,,,,1,,1,180,186,2,,,,C,30,2,3.0,BLOODY MILK,2000
00IN00821,1997044423,A4423,04,A4423,97,2,73,1,30,743,258104,260004,7,,,,1,GXE,1,167,154,2,,,,H,56,2,3.0,,2000
00IN00822,1997044427,A4427,04,A4427,97,2,81,1,30,01,199404,687303,0,,,,1,,2,195,162,2,,,,M,03,2,3.0,,2000
00IN00823,1997044430,A4430,04,A4430,97,2,81,1,30,01,199404,986403,0,,,,1,,1,188,178,3,,,,M,02,2,3.0,TRT.R.EYE,2000
00IN00824,1997044432,A4432,04,A4432,97,2,73,1,30,743,258104,272104,7,,,,3,LIM,3,117,119,1,,93,1002,L,,,3.0,X SICK,2000
00IN00825,1997044448,A4448,04,A4448,97,2,82,1,30,28,199904,664303,0,,,,3,,2,122,111,11,,93,1002,C,,,3.0,,2000
00IN00826,1997044449,A4449,04,A4449,97,2,82,1,30,28,199904,664303,0,,,,3,,2,147,151,12,,93,1002,C,,,3.0,,2000
00IN00827,1997044453,A4453,04,A4453,97,2,81,1,30,03,214604,012904,0,,,,1,,2,175,158,2,,,,M,03,2,3.0,,2000
00IN00828,1997044457,A4457,04,A4457,97,2,73,1,30,744,266204,258004,2,,,,3,OVX,*,0,0,0,X,,,L,,,3.0,LOW PROD.,2000
00IN00829,1997044458,A4458,04,A4458,97,2,81,1,30,03,214604,101404,0,,,,1,,2,183,159,2,,,,M,01,2,3.0,,2000
00IN00830,1997044462,A4462,04,A4462,97,2,73,1,30,742,274604,274704,7,,,,1,LIM,3,171,171,2,,,,L,42,2,3.0,,2000
00IN00831,1997044467,A4467,04,A4467,97,2,81,1,30,03,214604,190304,0,,,,1,,2,157,144,2,,,,M,41,2,3.0,BRITCHY,2000
00IN00832,1997044468,A4468,04,A4468,97,2,73,1,30,743,258104,262804,7,,,,3,GXE,2,152,120,3,,93,1002,H,,,3.0,LUNGER,2000
00IN00833,1997044471,A4471,04,A4471,97,2,73,1,30,742,274604,261404,7,,,,3,LIM,3,183,0,0,,93,1030,L,,,3.0,LATE STRAY,2000
00IN00834,1997044473,A4473,04,A4473,97,2,73,1,30,741,269804,261004,7,,,,1,GXE,1,164,152,2,,,,H,55,2,3.0,,2000
00IN00835,1997044476,A4476,04,A4476,97,2,81,1,30,01,199404,996603,0,,,,1,,1,189,186,4,,,,M,42,2,3.0,SUCK1SIDE,2000
00IN00836,1997044477,A4477,04,A4477,97,2,73,1,30,742,274604,270104,7,,,,1,GXE,2,149,147,2,,,,H,56,2,3.0,THIN,2000
00IN00837,1997044478,A4478,04,A4478,97,2,73,1,30,741,269804,269004,7,,,,1,GXE,2,150,149,2,,,,L,43,2,3.0,,2000
00IN00838,1997044480,A4480,04,A4480,97,2,82,1,30,24,219104,133104,0,,,,1,,2,180,174,2,,,,C,20,2,3.0,,2000
00IN00839,1997044481,A4481,04,A4481,97,2,82,1,30,24,219104,133104,0,,,,1,,1,161,183,3,,,,C,21,2,3.0,,2000
00IN00840,1997044491,A4491,04,A4491,97,2,81,1,30,01,199404,015204,0,,,,1,,1,226,218,2,,,,M,43,2,3.0,,2000
00IN00841,1997044494,A4494,04,A4494,97,2,73,1,30,744,266204,268904,7,,,,1,LIM,3,146,144,2,,,,H,54,2,3.0,,2000
00IN00842,1997044495,A4495,04,A4495,97,2,82,1,30,21,206204,469903,0,,,,3,,2,158,152,9,,93,1002,C,,,3.0,,2000
00IN00843,1997044496,A4496,04,A4496,97,2,82,1,30,21,206204,469903,0,,,,1,,1,144,142,2,,,,C,31,2,3.0,THICK MILK,2000
00IN00844,1997044501,A4501,04,A4501,97,2,73,1,30,744,266204,277304,7,,,,1,GXE,1,168,163,2,,,,L,41,2,3.0,,2000
00IN00845,1997044510,A4510,04,A4510,97,2,81,1,30,02,209604,110104,0,,,,1,,2,177,177,2,,,,M,04,2,3.0,,2000
00IN00846,1997044513,A4513,04,A4513,97,2,82,1,30,24,219104,928503,0,,,,1,,2,166,163,2,,,,C,22,2,3.0,,2000
00IN00847,1997044520,A4520,04,A4520,97,2,81,1,30,01,199404,191804,0,,,,1,,1,176,177,2,,,,M,02,2,3.0,,2000
00IN00848,1997044523,A4523,04,A4523,97,2,81,1,30,01,199404,977803,0,,,,1,,2,180,174,2,,,,M,04,2,3.0,FLTS,2000
00IN00849,1997044524,A4524,04,A4524,97,2,81,1,30,02,209604,971503,0,,,,1,,2,178,163,2,,,,M,04,2,3.0,,2000
00IN00850,1997044526,A4526,04,A4526,97,2,73,1,30,742,274604,273604,7,,,,U,GXE,5,167,184,1,,,,L,U,A,3.0,,2000
00IN00851,1997044528,A4528,04,A4528,97,1,81,1,30,03,214604,108204,0,,,,2,112,M,244,277,0,,92,0921,M,,,3.0,,2000
00IN00852,1997044533,A4533,04,A4533,97,2,73,1,30,743,258104,275204,2,,,,3,OVX,*,0,0,0,X,,,L,,,3.0,BARREN,2000
00IN00853,1997044538,A4538,04,A4538,97,2,81,1,30,02,209604,106204,0,,,,U,,2,165,164,4,,,,M,U,A,3.0,HIGH TEATS,2000
00IN00854,1997044543,A4543,04,A4543,97,2,82,1,30,25,207404,183304,0,,,,3,,1,139,0,0,,93,0710,C,,,3.0,"HERNIA,RSIDE",2000
00IN00855,1997044559,A4559,04,A4559,97,2,82,1,30,25,207404,136504,0,,,,1,,2,165,171,2,,,,C,42,2,3.0,NOT UGLY,2000
00IN00856,1997044562,A4562,04,A4562,97,2,81,1,30,01,199404,080704,0,,,,1,,2,146,143,2,,,,M,02,2,3.0,EYE OK,2000
00IN00857,1997044564,A4564,04,A4564,97,2,82,1,30,27,208504,660503,0,,,,3,,1,185,169,12,,93,1002,C,,,3.0,DYSTOCIA,2000
00IN00858,1997044576,A4576,04,A4576,97,2,81,1,30,03,214604,021004,0,,,,1,,2,183,170,2,,,,M,01,2,3.0,NICE,2000
00IN00859,1997044578,A4578,04,A4578,97,2,81,1,30,01,199404,088404,0,,,,6,,*,0,0,0,,50,0515,M,,,3.0,"CANNER,CL,OP",2000
00IN00860,1997044581,A4581,04,A4581,97,2,82,1,30,26,202604,095204,0,,,,1,,2,147,140,2,,,,C,23,2,3.0,NICE,2000
00IN00861,1997044596,A4596,04,A4596,97,2,82,1,30,24,219104,083204,0,,,,1,,2,158,163,2,,,,C,24,2,3.0,,2000
00IN00862,1997044598,A4598,04,A4598,97,2,73,1,30,743,258104,277204,7,,,,1,GXE,1,155,150,2,,,,L,43,2,3.0,,2000
00IN00863,1997044601,A4601,04,A4601,97,2,82,1,30,21,206204,120504,2,,,,3,OVX,*,0,0,0,X,,,C,,,3.0,"CULL, OVX",2000
00IN00864,1997044606,A4606,04,A4606,97,2,81,1,30,03,214604,138304,0,,,,6,,2,170,0,0,,10,0804,M,,,3.0,COYOTE,2000
00IN00865,1997044615,A4615,04,A4615,97,2,81,1,30,01,199404,115704,0,,,,1,,2,174,171,2,,,,M,03,2,3.0,,2000
00IN00866,1997044619,A4619,04,A4619,97,2,81,1,30,03,214604,085804,0,,,,1,,2,189,173,2,,,,M,02,2,3.0,,2000
00IN00867,1997044622,A4622,04,A4622,97,2,73,1,30,744,266204,275904,7,,,,1,GXE,1,145,134,3,,,,H,55,2,3.0,,2000
00IN00868,1997044624,A4624,04,A4624,97,2,82,1,30,25,207404,228604,0,,,,1,,2,166,164,2,,,,C,25,2,3.0,,2000
00IN00869,1997044626,A4626,04,A4626,97,2,73,1,30,743,258104,262004,7,,,,3,GXE,2,126,128,6,,93,1002,L,,,3.0,THIN,2000
00IN00870,1997044639,A4639,04,A4639,97,2,82,1,30,22,246504,754403,0,,,,1,,2,171,159,2,,,,C,26,2,3.0,TRT R.EYE,2000
00IN00871,1997044653,A4653,04,A4653,97,2,82,1,30,27,208504,144904,0,,,,1,,2,174,163,2,,,,C,27,2,3.0,R.P.,2000
00IN00872,1997044658,A4658,04,A4658,97,2,82,1,30,23,211704,920003,0,,,,1,,2,198,189,3,,,,C,41,2,3.0,NO BRAIN !,2000
00IN00873,1997044661,A4661,04,A4661,97,2,73,1,30,744,266204,260804,7,,,,1,LIM,3,169,154,2,,,,L,42,2,3.0,,2000
00IN00874,1997044664,A4664,04,A4664,97,2,73,1,30,744,266204,273004,7,,,,1,GXE,1,155,151,2,,,,L,55,2,3.0,,2000
00IN00875,1997044672,A4672,04,A4672,97,2,73,1,30,741,269804,267004,7,,,,1,GXE,1,161,147,2,,,,H,53,2,3.0,,2000
00IN00876,1997044675,A4675,04,A4675,97,2,81,1,30,02,209604,118304,0,,,,1,,1,174,178,2,,,,M,01,2,3.0,,2000
00IN00877,1997044684,A4684,04,A4684,97,2,82,1,30,22,246504,998603,0,,,,3,,2,128,115,2,,93,1002,C,,,3.0,LUNGER,2000
00IN00878,1997044686,A4686,04,A4686,97,2,82,1,30,23,211704,081004,0,,,,1,,1,185,150,2,,,,C,43,2,3.0,,2000
00IN00879,1997044696,A4696,04,A4696,97,2,81,1,30,03,214604,686203,0,,,,1,,1,173,159,2,,,,M,01,2,3.0,,2000
00IN00880,1997044697,A4697,04,A4697,97,2,81,1,30,03,214604,686203,0,,,,1,,2,178,168,2,,,,M,03,2,3.0,,2000
00IN00881,1997044699,A4699,04,A4699,97,2,73,2,30,4,265204,154404,7,,,,1,LIM,3,157,160,2,,,,H,54,2,2.5,,2000
00IN00882,1997044700,A4700,04,A4700,97,2,73,2,30,2,258104,938503,7,,,,1,GXE,2,145,138,3,,,,H,41,2,2.5,,2000
00IN00883,1997044715,A4715,04,A4715,97,2,73,2,30,1,260404,075304,7,,,,1,GXE,1,166,155,2,,,,L,51,2,2.5,,2000
00IN00884,1997044716,A4716,04,A4716,97,2,73,2,30,7,267804,962903,7,,,,U,LIM,3,131,150,12,,,,L,U,A,2.5,,2000
00IN00885,1997044724,A4724,04,A4724,97,2,73,2,30,7,267804,049004,7,,,,1,GXE,1,137,135,5,,,,L,42,2,2.5,,2000
00IN00886,1997044732,A4732,04,A4732,97,2,73,2,30,8,267504,559603,7,,,,1,GXE,2,172,169,2,,,,H,43,2,2.5,,2000
00IN00887,1997044733,A4733,04,A4733,97,2,73,2,30,8,267504,559603,7,,,,1,GXE,2,158,148,2,,,,H,52,2,2.5,,2000
00IN00888,1997044740,A4740,04,A4740,97,2,73,2,30,9,275104,626803,7,,,,1,GXE,2,144,142,2,,,,L,53,2,2.5,MSG 3/8/00,2000
00IN00889,1997044743,A4743,04,A4743,97,2,73,2,30,3,264904,153104,7,,,,1,GXE,3,167,146,2,,,,L,56,2,2.5,LTS,2000
00IN00890,1997044756,A4756,04,A4756,97,2,73,2,30,1,260404,025804,7,,,,1,GXE,2,154,151,2,,,,L,52,2,2.5,NICE,2000
00IN00891,1997044762,A4762,04,A4762,97,2,73,2,30,6,267104,941303,7,,,,1,GXE,2,158,155,2,,,,H,41,2,2.5,,2000
00IN00892,1997044769,A4769,04,A4769,97,2,73,2,30,9,275104,465903,7,,,,1,GXE,1,120,120,2,,,,L,55,2,2.5,THIN 5/2000,2000
00IN00893,1997044777,A4777,04,A4777,97,2,73,2,30,9,275104,049504,7,,,,1,GXE,1,157,150,2,,,,L,54,2,2.5,,2000
00IN00894,1997044780,A4780,04,A4780,97,2,73,2,30,2,258104,956003,7,,,,U,GXE,2,140,140,2,,,,H,U,A,2.5,TEATS DOWN,2000
00IN00895,1997044793,A4793,04,A4793,97,2,73,2,30,6,267104,327004,7,,,,1,LIM,3,163,155,2,,,,H,42,2,2.5,,2000
00IN00896,1997044798,A4798,04,A4798,97,2,73,2,30,4,265204,951903,7,,,,1,GXE,1,145,141,2,,,,H,52,2,2.5,,2000
00IN00897,1997044800,A4800,04,A4800,97,1,73,2,30,7,267804,528803,7,,,,3,-FL,M,192,224,0,,93,0812,L,,,2.5,,2000
00IN00898,1997044801,A4801,04,A4801,97,2,73,2,30,4,265204,055104,7,,,,1,GXE,1,145,154,2,,,,H,51,2,2.5,"WOUND,RF.LEG",2000
00IN00899,1997044803,A4803,04,A4803,97,2,73,2,30,6,267104,356504,7,,,,1,GXE,1,159,152,2,,,,H,53,2,2.5,,2000
00IN00900,1997044810,A4810,04,A4810,97,2,73,2,30,10,269804,185904,7,,,,3,GXE,2,137,147,4,,93,1002,H,,,2.5,SW.BAG X,2000
00IN00901,1997044815,A4815,04,A4815,97,1,73,2,30,9,275104,729703,7,,,,3,-FL,M,205,231,0,,93,0812,L,,,2.5,,2000
00IN00902,1997044816,A4816,04,A4816,97,2,73,2,30,9,275104,729703,7,,,,3,GXE,H,135,135,1,,93,1002,L,,,2.5,"THIN,LAME",2000
00IN00903,1997044817,A4817,04,A4817,97,2,73,2,30,5,265504,046004,7,,,,U,GXE,1,152,147,11,,,,L,U,A,2.5,L.SPOILED X,2000
00IN00904,1997044848,A4848,04,A4848,97,2,73,2,30,4,265204,163704,7,,,,1,GXE,1,143,145,2,,,,H,51,2,2.5,,2000
00IN00905,1997044849,A4849,04,A4849,97,1,73,2,30,4,265204,163704,7,,,,2,111,M,213,240,0,,92,0921,H,,,2.5,,2000
00IN00906,1997044851,A4851,04,A4851,97,2,73,2,30,9,275104,798603,7,,,,1,GXE,2,155,148,2,,,,L,55,2,2.5,,2000
00IN00907,1997044857,A4857,04,A4857,97,2,73,2,30,1,260404,586003,7,,,,1,LIM,3,158,148,2,,,,L,56,2,2.5,,2000
00IN00908,1997044867,A4867,04,A4867,97,2,73,2,30,4,265204,939403,7,,,,1,GXE,2,158,153,2,,,,H,53,2,2.5,,2000
00IN00909,1997044872,A4872,04,A4872,97,2,73,2,30,6,267104,161004,7,,,,1,GXE,2,150,150,2,,,,H,43,2,2.5,NICE,2000
00IN00910,1997044883,A4883,04,A4883,97,2,73,2,30,5,265504,594903,7,,,,1,GXE,1,161,159,2,,,,L,56,2,2.5,,2000
00IN00911,1997044894,A4894,04,A4894,97,2,73,2,30,9,275104,584103,7,,,,U,GXE,2,167,161,9,,,,L,U,A,2.5,,2000
00IN00912,1997044895,A4895,04,A4895,97,2,73,2,30,7,267804,161704,7,,,,1,GXE,2,178,164,2,,,,L,41,2,2.5,NICE,2000
00IN00913,1997044897,A4897,04,A4897,97,2,73,2,30,3,264904,159204,7,,,,1,GXE,1,168,161,2,,,,L,54,2,2.5,,2000
00IN00914,1997044898,A4898,04,A4898,97,1,73,2,30,4,265204,170504,7,,,,3,  X,M,233,254,0,,93,1002,H,,,2.5,KNOT L.CORD,2000
00IN00915,1997044899,A4899,04,A4899,97,2,73,2,30,4,265204,170504,7,,,,1,LIM,3,150,155,2,,,,H,56,2,2.5,HAIRY check,2000
00IN00916,1997044913,A4913,04,A4913,97,2,73,2,30,6,267104,172304,7,,,,1,GXE,1,162,153,2,,,,H,42,2,2.5,,2000
00IN00917,1997044917,A4917,04,A4917,97,2,73,2,30,8,267504,936703,7,,,,1,GXE,1,172,176,2,,,,H,43,2,2.5,NICE,2000
00IN00918,1997044918,A4918,04,A4918,97,2,73,2,30,8,267504,936703,7,,,,1,GXE,2,170,176,5,,,,H,41,2,2.5,NICE,2000
00IN00919,1997044920,A4920,04,A4920,97,1,73,2,30,10,269804,157904,7,,,,3,-FL,M,203,224,0,,93,0812,H,,,2.5,,2000
00IN00920,1997044925,A4925,04,A4925,97,2,73,2,30,3,264904,959503,7,,,,1,GXE,1,171,156,2,,,,L,51,2,2.5,,2000
00IN00921,1997044933,A4933,04,A4933,97,2,73,2,30,8,267504,954703,7,,,,1,GXE,2,150,141,5,,,,H,53,2,2.5,,2000
00IN00922,1997044956,A4956,04,A4956,97,2,73,2,30,8,267504,626103,7,,,,1,LIM,3,153,153,2,,,,H,55,2,2.5,NICE,2000
00IN00923,1997044971,A4971,04,A4971,97,2,73,2,30,5,265504,235104,7,,,,1,GXE,1,154,158,2,,,,L,54,2,2.5,,2000
00IN00924,1997044973,A4973,04,A4973,97,2,73,2,30,9,275104,068704,7,,,,1,GXE,2,144,142,2,,,,L,52,2,2.5,,2000
00IN00925,1997044983,A4983,04,A4983,97,2,73,2,30,6,267104,036504,7,,,,6,LIM,3,156,0,0,,16,0505,H,,,2.5,DEAD,2000
00IN00926,1998045007,A5007,04,A5007,98,2,88,1,30,e.8,307904,425504,7,,,,1,GXE,1,148,162,3,,,,M,51,2,2.0,NICE EWE,2000
00IN00927,1998045024,A5024,04,A5024,98,1,82,1,30,31,288304,228604,0,,,,2,107,M,189,217,0,,92,0921,C,,,2.0,,2000
00IN00928,1998045026,A5026,04,A5026,98,2,82,1,30,31,288304,228604,0,,,,1,,1,156,154,2,,,,C,28,2,2.0,,2000
00IN00929,1998045033,A5033,04,A5033,98,1,82,1,30,25,285404,287704,0,,,,3,,M,214,244,0,,93,0812,C,,,2.0,TB1,2000
00IN00930,1998045050,A5050,04,A5050,98,2,81,1,30,02,348004,071104,0,,,,1,,2,135,138,2,,,,M,04,2,2.0,,2000
00IN00931,1998045057,A5057,04,A5057,98,2,81,1,30,04,312904,355004,7,,,,1,GXE,1,162,156,2,,,,M,01,2,2.0,,2000
00IN00932,1998045070,A5070,04,A5070,98,2,82,1,30,21,297804,216504,0,,,,1,,2,137,143,1,,,,C,29,2,2.0,HAIRY,2000
00IN00933,1998045078,A5078,04,A5078,98,2,82,1,30,25,285404,343704,0,,,,1,,2,153,152,2,,,,C,30,2,2.0,,2000
00IN00934,1998045079,A5079,04,A5079,98,2,82,1,30,25,285404,343704,0,,,,1,,2,147,153,2,,,,C,31,2,2.0,,2000
00IN00935,1998045082,A5082,04,A5082,98,1,82,1,30,21,297804,145204,0,,,,2,105,M,196,232,0,,92,0921,C,,,2.0,"H2,SAVE",2000
00IN00936,1998045083,A5083,04,A5083,98,2,82,1,30,27,285804,693903,0,,,,1,,1,163,165,2,,,,C,22,2,2.0,,2000
00IN00937,1998045085,A5085,04,A5085,98,2,82,1,30,27,285804,693903,0,,,,1,,1,160,163,2,,,,C,42,2,2.0,R.EYE TRT '00,2000
00IN00938,1998045087,A5087,04,A5087,98,2,81,1,30,01,344404,229204,7,,,,U,LIM,5,152,170,2,,,,M,U,A,2.0,,2000
00IN00939,1998045089,A5089,04,A5089,98,2,82,1,30,21,297804,077404,7,,,,1,GXE,1,166,169,2,,,,C,21,2,2.0,,2000
00IN00940,1998045103,A5103,04,A5103,98,2,82,1,30,27,285804,319604,7,,,,1,LIM,3,158,145,2,,,,C,22,2,2.0,4TEATS,2000
00IN00941,1998045115,A5115,04,A5115,98,2,81,1,30,04,312904,110304,0,,,,1,,2,182,175,2,,,,M,02,2,2.0,,2000
00IN00942,1998045116,A5116,04,A5116,98,2,81,1,30,04,312904,110304,0,,,,1,,1,188,194,2,,,,M,43,2,2.0,4TEATS,2000
00IN00943,1998045123,A5123,04,A5123,98,2,81,1,30,01,344404,081904,7,,,,1,LIM,3,150,142,2,,,,M,03,2,2.0,,2000
00IN00944,1998045128,A5128,04,A5128,98,2,81,1,30,01,344404,101404,0,,,,1,,2,182,170,2,,,,M,04,2,2.0,WOUND L.EYE,2000
00IN00945,1998045129,A5129,04,A5129,98,1,81,1,30,01,344404,101404,0,,,,2,108,M,221,244,0,,92,0921,M,,,2.0,H2+,2000
00IN00946,1998045131,A5131,04,A5131,98,2,81,1,30,04,312904,088404,7,,,,1,LIM,3,160,150,2,,,,M,01,2,2.0,4TEATS,2000
00IN00947,1998045132,A5132,04,A5132,98,2,81,1,30,04,312904,088404,0,,,,1,,2,172,170,2,,,,M,02,2,2.0,,2000
00IN00948,1998045143,A5143,04,A5143,98,1,81,1,30,03,346704,926703,2,,,,3,LIB,*,0,0,0,H,93,0317,M,,,2.0,DUD,2000
00IN00949,1998045144,A5144,04,A5144,98,1,82,1,30,30,308704,354604,0,,,,3,,M,187,219,0,,93,0812,C,,,2.0,TB1,2000
00IN00950,1998045149,A5149,04,A5149,98,1,81,1,30,02,348004,231304,0,,,,3,,M,196,229,0,,93,0812,M,,,2.0,R.ORCHITIS,2000
00IN00951,1998045152,A5152,04,A5152,98,2,81,1,30,04,312904,018104,0,,,,O,OVX,5,174,198,1,X,,,M,,,2.0,OVX,2000
00IN00952,1998045153,A5153,04,A5153,98,2,81,1,30,04,312904,018104,0,,,,3,,5,177,188,1,,93,1002,M,,,2.0,4TEATS,2000
00IN00953,1998045155,A5155,04,A5155,98,2,82,1,30,30,308704,713303,0,,,,1,,2,148,161,2,,,,C,23,2,2.0,,2000
00IN00954,1998045160,A5160,04,A5160,98,2,82,1,30,22,355204,135804,0,,,,1,,2,162,172,2,,,,C,24,2,2.0,4TEATS,2000
00IN00955,1998045161,A5161,04,A5161,98,2,82,1,30,22,355204,135804,0,,,,1,,2,150,148,3,,,,C,25,2,2.0,,2000
00IN00956,1998045167,A5167,04,A5167,98,1,82,1,30,31,288304,350904,2,,,,3,LIB,*,0,0,0,1,,,C,,,2.0,DUD,2000
00IN00957,1998045184,A5184,04,A5184,98,2,81,1,30,03,346704,338804,0,,,,1,,2,144,155,2,,,,M,03,2,2.0,TRT L.EYE '00,2000
00IN00958,1998045187,A5187,04,A5187,98,2,81,1,30,01,344404,319804,0,,,,7,,2,150,0,0,,97,0915,M,,,2.0,,2000
00IN00959,1998045189,A5189,04,A5189,98,1,82,1,30,21,297804,192804,0,,,,3,,M,178,206,0,,93,0812,C,,,2.0,,2000
00IN00960,1998045190,A5190,04,A5190,98,2,82,1,30,21,297804,192804,0,,,,1,,1,158,149,2,,,,C,26,2,2.0,,2000
00IN00961,1998045194,A5194,04,A5194,98,2,81,1,30,04,312904,355104,0,,,,1,,2,137,142,3,,,,M,04,2,2.0,,2000
00IN00962,1998045198,A5198,04,A5198,98,1,81,1,30,03,346704,971503,0,,,,2,103,M,220,245,0,,92,0921,M,,,2.0,JAW3,2000
00IN00963,1998045202,A5202,04,A5202,98,1,82,1,30,26,332504,177904,0,,,,3,,M,206,228,0,,93,0812,C,,,2.0,,2000
00IN00964,1998045217,A5217,04,A5217,98,2,73,1,30,741,376004,388104,7,,,,1,LIM,3,144,137,2,,,,M,53,2,2.0,,2000
00IN00965,1998045226,A5226,04,A5226,98,2,73,1,30,742,377704,378904,7,,,,1,LIM,3,133,140,2,,,,M,51,2,2.0,,2000
00IN00966,1998045229,A5229,04,A5229,98,1,82,1,30,28,317604,133104,0,,,,3,  X,M,189,223,0,,93,1002,C,,,2.0,"X, ABS. JAW",2000
00IN00967,1998045230,A5230,04,A5230,98,1,82,1,30,28,317604,133104,0,,,,2,102,M,193,219,0,,92,0921,C,,,2.0,JAW3,2000
00IN00968,1998045232,A5232,04,A5232,98,1,81,1,30,01,344404,714403,0,,,,2,,*,0,0,0,,92,0331,M,,,2.0,SOLD to NMSU,2000
00IN00969,1998045239,A5239,04,A5239,98,2,73,1,30,741,376004,395204,7,,,,1,GXE,1,145,153,2,,,,M,54,2,2.0,HAIRY,2000
00IN00970,1998045243,A5243,04,A5243,98,2,81,1,30,02,348004,108204,0,,,,1,,1,134,140,2,,,,M,01,2,2.0,,2000
00IN00971,1998045248,A5248,04,A5248,98,2,73,1,30,742,377704,372904,7,,,,1,GXE,2,125,133,1,,,,M,52,2,2.0,UGLY?,2000
00IN00972,1998045252,A5252,04,A5252,98,2,82,1,30,22,355204,202104,0,,,,1,,1,171,161,2,,,,C,27,2,2.0,HAIRY,2000
00IN00973,1998045260,A5260,04,A5260,98,2,82,1,30,30,308704,206604,0,,,,1,,1,151,156,5,,,,C,28,2,2.0,"DYSTOCIA,CERV",2000
00IN00974,1998045271,A5271,04,A5271,98,2,73,1,30,741,376004,369404,7,,,,1,GXE,1,140,136,2,,,,M,51,2,2.0,,2000
00IN00975,1998045277,A5277,04,A5277,98,1,81,1,30,04,312904,205004,0,,,,3,,M,219,259,0,,93,0812,M,,,2.0,"NICE, single",2000
00IN00976,1998045279,A5279,04,A5279,98,2,81,1,30,02,348004,254604,7,,,,1,GXE,1,147,142,2,,,,M,02,2,2.0,4TEATS,2000
00IN00977,1998045281,A5281,04,A5281,98,2,82,1,30,31,288304,988403,0,,,,1,,2,185,188,2,,,,C,29,2,2.0,4TEATS,2000
00IN00978,1998045287,A5287,04,A5287,98,2,73,1,30,741,376004,368004,7,,,,1,GXE,2,124,137,2,,,,M,53,2,2.0,BAD FOOT 99,2000
00IN00979,1998045295,A5295,04,A5295,98,2,82,1,30,26,332504,296104,0,,,,1,,2,129,138,2,,,,C,30,2,2.0,,2000
00IN00980,1998045297,A5297,04,A5297,98,2,88,1,30,e.8,307904,435404,7,,,,1,LIM,3,154,158,2,,,,M,53,2,2.0,HAIRY,2000
00IN00981,1998045301,A5301,04,A5301,98,2,82,1,30,24,341604,224304,0,,,,1,,2,168,147,2,,,,C,31,2,2.0,,2000
00IN00982,1998045304,A5304,04,A5304,98,2,88,1,30,e.9,320504,451004,7,,,,1,LIM,3,146,152,2,,,,M,53,2,2.0,,2000
00IN00983,1998045319,A5319,04,A5319,98,2,82,1,30,20,345304,291904,0,,,,1,,2,154,151,2,,,,C,21,2,2.0,SW.BAG,2000
00IN00984,1998045320,A5320,04,A5320,98,2,82,1,30,20,345304,291904,0,,,,1,,2,185,166,2,,,,C,22,2,2.0,,2000
00IN00985,1998045324,A5324,04,A5324,98,2,73,1,30,741,376004,380904,7,,,,1,LIM,3,130,143,2,,,,M,54,2,2.0,HAIRY,2000
00IN00986,1998045329,A5329,04,A5329,98,2,73,1,30,742,377704,396904,7,,,,1,LIM,3,136,139,2,,,,M,55,2,2.0,4TEATS,2000
00IN00987,1998045335,A5335,04,A5335,98,2,81,1,30,02,348004,352604,0,,,,1,,2,128,133,2,,,,M,03,2,2.0,HAIRY,2000
00IN00988,1998045340,A5340,04,A5340,98,2,82,1,30,23,340104,298604,0,,,,1,,2,160,161,3,,,,C,20,2,2.0,BLOODY MILK R,2000
00IN00989,1998045341,A5341,04,A5341,98,1,82,1,30,23,340104,298604,0,,,,6,,*,0,0,0,,54,0321,C,,,2.0,CUT ANKLE,2000
00IN00990,1998045346,A5346,04,A5346,98,1,81,1,30,01,344404,997903,0,,,,2,101,M,204,235,0,,92,0921,M,,,2.0,,2000
00IN00991,1998045354,A5354,04,A5354,98,2,81,1,30,03,346704,910203,0,,,,1,,2,154,155,2,,,,M,04,2,2.0,,2000
00IN00992,1998045364,A5364,04,A5364,98,2,81,1,30,03,346704,999003,0,,,,1,,1,175,172,3,,,,M,01,2,2.0,GOOD,2000
00IN00993,1998045370,A5370,04,A5370,98,2,81,1,30,02,348004,998003,0,,,,1,,2,142,152,2,,,,M,02,2,2.0,4TEATS,2000
00IN00994,1998045374,A5374,04,A5374,98,2,81,1,30,01,344404,991403,0,,,,1,,1,159,164,2,,,,M,03,2,2.0,,2000
00IN00995,1998045377,A5377,04,A5377,98,1,82,1,30,28,317604,329404,2,,,,3,LIB,*,0,0,0,1,,,C,,,2.0,DUD,2000
00IN00996,1998045378,A5378,04,A5378,98,2,82,1,30,28,317604,329404,0,,,,1,,2,143,151,9,,,,C,23,2,2.0,,2000
00IN00997,1998045390,A5390,04,A5390,98,1,82,1,30,29,291404,358704,2,,,,3,LIB,*,0,0,0,1,,,C,,,2.0,DUD,2000
00IN00998,1998045392,A5392,04,A5392,98,2,81,1,30,04,312904,287304,0,,,,1,,2,155,152,2,,,,M,04,2,2.0,4TEATS,2000
00IN00999,1998045398,A5398,04,A5398,98,2,82,1,30,22,355204,317804,7,,,,1,LIM,3,168,149,2,,,,C,41,2,2.0,,2000
00IN01000,1998045404,A5404,04,A5404,98,1,82,1,30,26,332504,351804,0,,,,3,,M,181,214,0,,93,0812,C,,,2.0,,2000
00IN01001,1998045405,A5405,04,A5405,98,2,82,1,30,24,341604,208304,0,,,,1,,1,145,136,2,,,,C,24,2,2.0,,2000
00IN01002,1998045406,A5406,04,A5406,98,1,82,1,30,24,341604,208304,0,,,,3,,Y,188,202,0,,93,0812,C,,,2.0,,2000
00IN01003,1998045419,A5419,04,A5419,98,2,82,1,30,25,285404,968103,0,,,,U,,2,112,144,12,,,,C,U,A,2.0,R.SPOILED,2000
00IN01004,1998045427,A5427,04,A5427,98,2,81,1,30,01,344404,068604,0,,,,3,,2,140,142,11,,93,1002,M,,,2.0,,2000
00IN01005,1998045429,A5429,04,A5429,98,2,82,1,30,20,345304,120504,0,,,,1,,1,140,150,2,,,,C,25,2,2.0,THICK MILK,2000
00IN01006,1998045434,A5434,04,A5434,98,2,82,1,30,22,355204,150304,7,,,,1,LIM,3,146,157,2,,,,C,26,2,2.0,,2000
00IN01007,1998045442,A5442,04,A5442,98,2,81,1,30,02,348004,092904,0,,,,1,,2,157,156,2,,,,M,01,2,2.0,RP ok,2000
00IN01008,1998045450,A5450,04,A5450,98,2,73,1,30,741,376004,376604,7,,,,1,GXE,2,162,160,3,,,,M,52,2,2.0,,2000
00IN01009,1998045454,A5454,04,A5454,98,1,82,1,30,25,285404,882003,0,,,,2,109,M,176,212,0,,92,0921,C,,,2.0,,2000
00IN01010,1998045463,A5463,04,A5463,98,2,82,1,30,27,285804,251704,0,,,,1,,2,146,145,4,,,,C,42,2,2.0,,2000
00IN01011,1998045467,A5467,04,A5467,98,2,82,1,30,24,341604,782103,7,,,,1,GXE,H,174,173,2,,,,C,28,2,2.0,,2000
00IN01012,1998045472,A5472,04,A5472,98,1,81,1,30,04,312904,297004,0,,,,2,106,M,187,213,0,,92,0921,M,,,2.0,,2000
00IN01013,1998045473,A5473,04,A5473,98,2,81,1,30,04,312904,297004,0,,,,1,,1,135,146,2,,,,M,02,2,2.0,,2000
00IN01014,1998045484,A5484,04,A5484,98,2,82,1,30,24,341604,703803,2,,,,3,OVX,*,0,0,0,X,,,C,,,2.0,XVAG.PROLAPSE,2000
00IN01015,1998045493,A5493,04,A5493,98,1,81,1,30,03,346704,283904,2,,,,3,LIB,*,0,0,0,1,,,M,,,2.0,DUD,2000
00IN01016,1998045495,A5495,04,A5495,98,1,81,1,30,03,346704,283904,2,,,,3,LIB,*,0,0,0,1,,,M,,,2.0,DUD,2000
00IN01017,1998045500,A5500,04,A5500,98,2,82,1,30,29,291404,853403,0,,,,1,,2,153,154,2,,,,C,27,2,2.0,,2000
00IN01018,1998045514,A5514,04,A5514,98,1,81,1,30,02,348004,191804,0,,,,2,104,M,201,243,0,,92,0921,M,,,2.0,,2000
00IN01019,1998045515,A5515,04,A5515,98,1,81,1,30,02,348004,191804,0,,,,2,,*,0,0,0,,92,0331,M,,,2.0,SOLD to NMSU,2000
00IN01020,1998045524,A5524,04,A5524,98,2,82,1,30,23,340104,076104,0,,,,1,,2,169,161,4,,,,C,29,2,2.0,,2000
00IN01021,1998045528,A5528,04,A5528,98,1,82,1,30,22,355204,253904,0,,,,3,,M,202,237,0,,93,0812,C,,,2.0,"H5, X",2000
00IN01022,1998045529,A5529,04,A5529,98,2,82,1,30,22,355204,253904,0,,,,1,,1,165,158,2,,,,C,30,2,2.0,NICE,2000
00IN01023,1998045530,A5530,04,A5530,98,1,82,1,30,31,288304,920003,0,,,,2,110,M,217,234,0,,92,0921,C,,,2.0,CHK LR HOOF *,2000
00IN01024,1998045542,A5542,04,A5542,98,2,81,1,30,04,312904,106204,0,,,,1,,1,178,164,2,,,,M,03,2,2.0,,2000
00IN01025,1998045543,A5543,04,A5543,98,1,81,1,30,04,312904,106204,0,,,,3,,M,173,203,0,,93,0812,M,,,2.0,HIGH TSTS,2000
00IN01026,1998045546,A5546,04,A5546,98,1,82,1,30,20,345304,776903,0,,,,3,VAS,M,153,175,0,X,,,C,,,2.0,VASCECTOMY,2000
00IN01027,1998045566,A5566,04,A5566,98,2,82,1,30,30,308704,360404,0,,,,6,,*,0,0,0,,04,0201,C,,,2.0,,2000
00IN01028,1998045569,A5569,04,A5569,98,1,82,1,30,29,291404,348904,0,,,,3,,M,186,215,0,,93,0812,C,,,2.0,"NICE, TB1",2000
00IN01029,1998045589,A5589,04,A5589,98,2,82,1,30,28,317604,358604,0,,,,1,,1,158,162,3,,,,C,43,2,2.0,,2000
00IN01030,1998045594,A5594,04,A5594,98,2,81,1,30,02,348004,996603,7,,,,1,GXE,1,147,145,2,,,,M,04,2,2.0,,2000
00IN01031,1998045600,A5600,04,A5600,98,2,82,1,30,29,291404,974903,0,,,,1,,1,193,174,2,,,,C,31,2,2.0,,2000
00IN01032,1998045605,A5605,04,A5605,98,2,82,1,30,26,332504,202404,0,,,,1,,1,172,159,2,,,,C,20,2,2.0,,2000
00IN01033,1998045606,A5606,04,A5606,98,2,82,1,30,26,332504,202404,0,,,,1,,2,150,154,2,,,,C,21,2,2.0,,2000
00IN01034,1998045610,A5610,04,A5610,98,2,81,1,30,03,346704,216304,0,,,,7,,*,0,0,0,,97,0308,M,,,2.0,WARTTEAT,2000
00IN01035,1998045617,A5617,04,A5617,98,2,81,1,30,04,312904,209404,0,,,,1,,1,139,145,2,,,,M,01,2,2.0,DYSTOCIA,2000
00IN01036,1998045619,A5619,04,A5619,98,1,82,1,30,22,355204,361904,2,,,,6,LIB,*,0,0,0,1,48,0501,C,,,2.0,"DUD,HOMO",2000
00IN01037,1998045620,A5620,04,A5620,98,2,82,1,30,31,288304,764703,0,,,,1,,2,168,176,2,,,,C,20,2,2.0,MSG 2/8/99,2000
00IN01038,1998045629,A5629,04,A5629,98,1,82,1,30,23,340104,144904,0,,,,3,,M,182,217,0,,93,0812,C,,,2.0,,2000
00IN01039,1998045632,A5632,04,A5632,98,2,81,1,30,01,344404,851603,0,,,,1,,1,146,162,2,,,,M,02,2,2.0,,2000
00IN01040,1998045634,A5634,04,A5634,98,2,81,1,30,03,346704,149304,7,,,,U,GXE,5,190,214,1,,,,M,U,A,2.0,CHUNKY,2000
00IN01041,1998045645,A5645,04,A5645,98,2,82,1,30,23,340104,329304,0,,,,7,,2,152,0,0,,97,0915,C,,,2.0,,2000
00IN01042,1998045673,A5673,04,A5673,98,2,82,1,30,23,340104,685803,0,,,,6,,2,124,116,13,,05,0911,C,,,2.0,BLUEBAG,2000
00IN01043,1998045674,A5674,04,A5674,98,2,82,1,30,26,332504,143904,0,,,,1,,2,155,146,2,,,,C,23,2,2.0,,2000
00IN01044,1998045680,A5680,04,A5680,98,2,81,1,30,01,344404,687303,0,,,,1,,1,145,159,3,,,,M,03,2,2.0,,2000
00IN01045,1998045681,A5681,04,A5681,98,2,81,1,30,01,344404,687303,0,,,,1,,1,164,165,2,,,,M,04,2,2.0,NICE EUGENE,2000
00IN01046,1998045683,A5683,04,A5683,98,2,81,1,30,03,346704,139704,0,,,,1,,2,148,142,2,,,,M,01,2,2.0,R.EYE TRT'99,2000
00IN01047,1998045698,A5698,04,A5698,98,2,81,1,30,02,348004,207904,0,,,,1,,2,136,143,4,,,,M,02,2,2.0,,2000
00IN01048,1998045699,A5699,04,A5699,98,2,81,1,30,02,348004,207904,0,,,,1,,1,148,152,2,,,,M,03,2,2.0,RP ?,2000
00IN01049,1998045711,A5711,04,A5711,98,2,82,1,30,29,291404,330004,0,,,,1,,1,186,192,2,,,,C,24,2,2.0,BRN.FOOT,2000
00IN01050,1998045729,A5729,04,A5729,98,2,88,1,30,e.9,320504,468604,7,,,,1,LIM,3,147,167,2,,,,C,41,2,2.0,,2000
00IN01051,1998045731,A5731,04,A5731,98,2,73,1,30,741,376004,383404,7,,,,1,GXE,2,149,148,2,,,,M,42,2,2.0,,2000
00IN01052,1998045737,A5737,04,A5737,98,1,81,1,30,03,346704,216204,2,,,,3,LIB,*,0,0,0,1,,,M,,,2.0,DUD,2000
00IN01053,1998045757,A5757,04,A5757,98,2,73,2,30,5,388004,356404,7,,,,1,LIM,3,139,148,2,,,,H,53,2,1.5,,2000
00IN01054,1998045764,A5764,04,A5764,98,2,73,2,30,5,388004,336004,7,,,,1,LIM,3,142,135,2,,,,H,52,2,1.5,,2000
00IN01055,1998045768,A5768,04,A5768,98,2,73,2,30,4,371704,357604,7,,,,1,LIM,3,153,141,2,,,,L,43,2,1.5,,2000
00IN01056,1998045770,A5770,04,A5770,98,2,73,2,30,5,388004,218704,7,,,,1,GXE,2,167,152,2,,,,H,54,2,1.5,,2000
00IN01057,1998045776,A5776,04,A5776,98,2,73,2,30,1,367304,584103,7,,,,1,GXE,2,137,127,2,,,,H,54,2,1.5,FIX BIG TAG,2000
00IN01058,1998045777,A5777,04,A5777,98,1,73,2,30,1,367304,584103,2,,,,3,LIB,*,0,0,0,X,93,0306,H,,,1.5,DUD,2000
00IN01059,1998045782,A5782,04,A5782,98,2,73,2,30,8,390804,159204,7,,,,1,GXE,2,137,139,2,,,,L,56,2,1.5,RP ok,2000
00IN01060,1998045783,A5783,04,A5783,98,2,73,2,30,8,390804,159204,7,,,,1,LIM,3,134,150,2,,,,L,55,2,1.5,GONG 10/06/00,2000
00IN01061,1998045784,A5784,04,A5784,98,2,73,2,30,1,367304,591103,7,,,,1,GXE,2,140,136,2,,,,H,52,2,1.5,,2000
00IN01062,1998045786,A5786,04,A5786,98,2,73,2,30,4,371704,232504,7,,,,1,LIM,3,157,166,2,,,,L,53,2,1.5,,2000
00IN01063,1998045789,A5789,04,A5789,98,1,73,2,30,4,371704,936703,7,,,,2,-FL,*,0,0,0,,92,0331,L,,,1.5,SOLD to NMSU,2000
00IN01064,1998045801,A5801,04,A5801,98,2,73,2,30,2,370504,046104,7,,,,1,GXE,2,145,156,2,,,,L,55,2,1.5,,2000
00IN01065,1998045804,A5804,04,A5804,98,1,73,2,30,8,390804,055104,7,,,,3,-FL,M,152,183,0,,93,0812,L,,,1.5,,2000
00IN01066,1998045806,A5806,04,A5806,98,2,73,2,30,1,367304,815703,7,,,,1,LIM,3,128,141,2,,,,H,56,2,1.5,,2000
00IN01067,1998045809,A5809,04,A5809,98,1,73,2,30,4,371704,528803,7,,,,3,-FL,M,174,210,0,,93,0812,L,,,1.5,,2000
00IN01068,1998045822,A5822,04,A5822,98,2,73,2,30,1,367304,335704,7,,,,1,GXE,1,135,130,2,,,,H,54,2,1.5,,2000
00IN01069,1998045824,A5824,04,A5824,98,1,73,2,30,3,367704,035504,2,,,,3,LIB,*,0,0,0,1,,,H,,,1.5,DUD,2000
00IN01070,1998045826,A5826,04,A5826,98,2,73,2,30,5,388004,945703,7,,,,1,LIM,3,145,135,2,,,,H,56,2,1.5,,2000
00IN01071,1998045833,A5833,04,A5833,98,2,73,2,30,1,367304,151304,7,,,,1,GXE,2,138,126,2,,,,H,51,2,1.5,,2000
00IN01072,1998045836,A5836,04,A5836,98,2,73,2,30,7,393104,156304,7,,,,1,LIM,3,147,135,2,,,,H,55,2,1.5,HAIRY,2000
00IN01073,1998045838,A5838,04,A5838,98,2,73,2,30,4,371704,114104,7,,,,1,GXE,2,147,153,2,,,,L,41,2,1.5,,2000
00IN01074,1998045839,A5839,04,A5839,98,1,72,2,30,1,367304,025804,7,,,,3,-FL,M,163,190,0,,93,0812,H,,,1.5,HVY SCUR,2000
00IN01075,1998045847,A5847,04,A5847,98,2,73,2,30,2,370504,032704,7,,,,1,LIM,3,138,133,2,,,,L,56,2,1.5,,2000
00IN01076,1998045849,A5849,04,A5849,98,2,73,2,30,5,388004,026904,7,,,,6,GXE,*,0,0,0,,50,0403,H,,,1.5,"DEAD,CLA",2000
00IN01077,1998045850,A5850,04,A5850,98,1,73,2,30,5,388004,026904,7,,,,3,-FL,M,163,189,0,,93,0812,H,,,1.5,,2000
00IN01078,1998045852,A5852,04,A5852,98,1,73,2,30,5,388004,036504,2,,,,3,LIB,*,0,0,0,X,93,0306,H,,,1.5,DUD,2000
00IN01079,1998045853,A5853,04,A5853,98,2,73,2,30,5,388004,036504,7,,,,1,GXE,2,141,141,2,,,,H,56,2,1.5,,2000
00IN01080,1998045854,A5854,04,A5854,98,2,73,2,30,5,388004,144304,7,,,,U,LIM,3,139,139,11,,,,H,U,A,1.5,,2000
00IN01081,1998045857,A5857,04,A5857,98,1,73,2,30,6,383204,185904,7,,,,3,-FL,M,167,198,0,,93,0812,L,,,1.5,,2000
00IN01082,1998045858,A5858,04,A5858,98,2,73,2,30,6,383204,185904,7,,,,1,GXE,2,141,141,2,,,,L,52,2,1.5,,2000
00IN01083,1998045863,A5863,04,A5863,98,2,73,2,30,1,367304,790303,7,,,,U,GXE,1,156,154,11,,,,H,U,A,1.5,,2000
00IN01084,1998045866,A5866,04,A5866,98,1,73,2,30,4,371704,055804,7,,,,3,-FL,M,169,190,0,,93,0812,L,,,1.5,,2000
00IN01085,1998045870,A5870,04,A5870,98,2,73,2,30,1,367304,828103,7,,,,6,LIM,3,137,0,0,,32,0519,H,,,1.5,WATERTROUGH,2000
00IN01086,1998045872,A5872,04,A5872,98,2,73,2,30,2,370504,162904,7,,,,1,LIM,3,139,138,2,,,,L,53,2,1.5,,2000
00IN01087,1998045873,A5873,04,A5873,98,2,73,2,30,2,370504,162904,7,,,,1,GXE,2,128,138,2,,,,L,55,2,1.5,,2000
00IN01088,1998045874,A5874,04,A5874,98,2,73,2,30,2,370504,085604,7,,,,1,LIM,3,164,157,2,,,,L,42,2,1.5,,2000
00IN01089,1998045875,A5875,04,A5875,98,2,73,2,30,2,370504,085604,7,,,,1,GXE,1,151,148,2,,,,L,55,2,1.5,,2000
00IN01090,1998045878,A5878,04,A5878,98,2,73,2,30,6,383204,268904,7,,,,O,OVX,5,140,160,1,X,,,L,,,1.5,OVX,2000
00IN01091,1998045879,A5879,04,A5879,98,2,73,2,30,3,367704,241104,7,,,,1,LIM,3,150,158,2,,,,H,54,2,1.5,,2000
00IN01092,1998045883,A5883,04,A5883,98,2,73,2,30,2,370504,941303,7,,,,U,GXE,1,133,139,11,,,,L,U,A,1.5,,2000
00IN01093,1998045885,A5885,04,A5885,98,2,73,2,30,6,383204,049504,7,,,,3,LIM,3,165,139,2,,93,1002,L,,,1.5,"X, WILD S.O.B",2000
00IN01094,1998045906,A5906,04,A5906,98,2,73,2,30,5,388004,218804,7,,,,1,GXE,2,153,148,2,,,,H,55,2,1.5,,2000
00IN01095,1998045907,A5907,04,A5907,98,2,73,2,30,5,388004,218804,7,,,,1,GXE,2,142,132,2,,,,H,52,2,1.5,TRT R.EYE '00,2000
00IN01096,1998045927,A5927,04,A5927,98,2,73,2,30,2,370504,275904,7,,,,1,GXE,1,140,142,2,,,,L,51,2,1.5,,2000
00IN01097,1998045928,A5928,04,A5928,98,1,73,2,30,3,367704,171704,7,,,,2,-FL,*,0,0,0,,92,0331,H,,,1.5,SOLD to NMSU,2000
00IN01098,1998045930,A5930,04,A5930,98,1,72,2,30,2,370504,615303,2,,,,3,LIB,*,0,0,0,X,93,0306,L,,,1.5,DUD,2000
00IN01099,1998045935,A5935,04,A5935,98,2,73,2,30,3,367704,349704,7,,,,1,LIM,3,133,135,2,,,,H,54,2,1.5,,2000
00IN01100,1998045936,A5936,04,A5936,98,2,73,2,30,3,367704,349704,7,,,,1,GXE,2,129,136,2,,,,H,53,2,1.5,,2000
00IN01101,1998045945,A5945,04,A5945,98,2,73,2,30,2,370504,183104,7,,,,1,LIM,3,142,144,2,,,,L,53,2,1.5,FOUND11/24/00,2000
00IN01102,1998045948,A5948,04,A5948,98,1,73,2,30,2,370504,490403,7,,,,3,-FL,M,161,188,0,,93,0812,L,,,1.5,FIX BIG TAG**,2000
00IN01103,1998045949,A5949,04,A5949,98,2,73,2,30,2,370504,490403,7,,,,O,OVX,5,150,175,1,X,,,L,,,1.5,OVX,2000
00IN01104,1998045950,A5950,04,A5950,98,1,73,2,30,5,388004,086604,7,,,,2,100,M,176,203,0,,92,0921,H,,,1.5,,2000
00IN01105,1998045952,A5952,04,A5952,98,2,73,2,30,5,388004,166704,7,,,,1,LIM,3,135,164,2,,,,H,56,2,1.5,BLK.R.EAR,2000
00IN01106,1998045957,A5957,04,A5957,98,2,73,2,30,2,370504,295604,7,,,,1,GXE,2,163,157,5,,,,L,52,2,1.5,,2000
00IN01107,1998045963,A5963,04,A5963,98,2,72,2,30,6,383204,638503,7,,,,1,LIM,3,138,133,2,,,,L,51,2,1.5,,2000
00IN01108,1998045966,A5966,04,A5966,98,2,73,2,30,3,367704,205704,7,,,,1,GXE,1,148,147,2,,,,H,51,2,1.5,,2000
00IN01109,1998045981,A5981,04,A5981,98,2,73,2,30,1,367304,821803,7,,,,1,GXE,1,128,124,2,,,,H,51,2,1.5,,2000
00IN01110,1998045983,A5983,04,A5983,98,2,73,2,30,1,367304,189304,7,,,,1,GXE,2,132,128,5,,,,H,52,2,1.5,,2000
00IN01111,         0,I0064,00,I0064,96,1,ID,1,02,,,,I,,KK,1,1,KK,M,234,273,0,I,,,I,,,4.0,Krakow Ram,2000
00IN01112,         0,J0093,00,J0093,97,1,00,1,06,,JARVIS,,7,,,,1,JAR,M,267,302,0,,,,,,,3.0,JARVIS  93,2000
00IN01113,         0,J0131,00,J0131,97,1,00,1,06,,JARVIS,,7,,,,1,JAR,M,260,287,0,,,,,,,3.0,JARVIS 131,2000
00IN01114,         0,J0143,00,J0143,97,1,00,1,06,,JARVIS,,7,,,,1,JAR,M,267,297,0,,,,,,,3.0,"KNOT,L.SCRO?",2000
00IN01115,1998640006,K0006,64,K0006,98,1,00,1,05,51,859663,676363,2,,CC,,3,LIB,*,0,0,0,H,93,0317,H,,,2.0,DUD,2000
00IN01116,1998640007,K0007,64,K0007,98,1,61,1,06,04,872363,568563,7,,,,2,123,M,223,267,0,,92,0921,R,,,2.0,,2000
00IN01117,1998640012,K0012,64,K0012,98,1,00,1,05,51,859663,764363,0,,CC,,3,,M,185,214,0,,93,0812,H,,,2.0,X,2000
00IN01118,1998640017,K0017,64,K0017,98,2,00,1,05,52,876263,707510,0,,CC,,1,,2,149,145,2,,,,H,54,1,2.0,,2000
00IN01119,1998640018,K0018,64,K0018,98,2,61,1,06,05,871163,773963,7,,,,6,GXE,H,206,0,0,,01,0609,R,,,2.0,BLOODY MILK,2000
00IN01120,1998640023,K0023,64,K0023,98,1,00,1,05,51,859663,723763,2,,CN,,3,LIB,*,0,0,0,1,,,H,,,2.0,DUD,2000
00IN01121,1998640030,K0030,64,K0030,98,1,00,1,05,52,876263,699463,0,,CC,,3,,M,241,277,0,,93,0812,H,,,2.0,PEN 53 DUD,2000
00IN01122,1998640038,K0038,64,K0038,98,2,61,1,06,04,872363,830663,7,,,,1,GXE,2,188,154,2,,10,1210,R,01,1,2.0,,2000
00IN01123,1998640039,K0039,64,K0039,98,2,61,1,06,04,872363,830663,7,,,,1,LIM,3,146,162,2,,,,R,02,1,2.0,4TEATS,2000
00IN01124,1998640055,K0055,64,K0055,98,2,62,1,06,06,900163,691163,7,,,,1,GXE,1,173,161,2,,,,C,03,1,2.0,BLACKEYE,2000
00IN01125,1998640056,K0056,64,K0056,98,2,62,1,06,06,900163,691163,7,,,,1,LIM,L,158,176,2,,,,C,04,1,2.0,,2000
00IN01126,1998640058,K0058,64,K0058,98,1,61,1,06,03,874463,721963,7,,,,3,  X,M,235,267,0,,93,1002,R,,,2.0,"X, SICK",2000
00IN01127,1998640059,K0059,64,K0059,98,1,61,1,06,03,874463,721963,2,,,,3,LIB,*,0,0,0,1,,,R,,,2.0,DUD,2000
00IN01128,1998640064,K0064,64,K0064,98,2,61,1,06,01,890163,713463,7,,,,K,LIM,K,161,0,0,,,,R,KNA,3,2.0,4TEATS,2000
00IN01129,1998640065,K0065,64,K0065,98,2,61,1,06,01,890163,713463,7,,,,1,GXE,1,201,197,2,,,,R,05,1,2.0,4TEATS,2000
00IN01130,1998640087,K0087,64,K0087,98,2,60,1,06,03,874463,832363,7,,,,1,GXE,1,209,203,2,,,,M,07,1,2.0,,2000
00IN01131,1998640091,K0091,64,K0091,98,2,00,1,05,51,859663,678863,0,,CC,,3,,5,168,171,1,,93,1002,H,,,2.0,"CHK.BUTT,CC?",2000
00IN01132,1998640096,K0096,64,K0096,98,1,00,1,05,52,876263,917763,0,,CC,,1,,Y,204,235,0,,,,H,,,2.0,"BALD, DUD",2000
00IN01133,1998640101,K0101,64,K0101,98,2,62,1,06,05,871163,812363,7,,,,1,LIM,3,176,177,2,,,,C,06,1,2.0,,2000
00IN01134,1998640102,K0102,64,K0102,98,2,62,1,06,05,871163,812363,7,,,,1,LIM,3,154,151,2,,,,C,05,1,2.0,,2000
00IN01135,1998640104,K0104,64,K0104,98,2,60,1,06,06,900163,781663,7,,,,1,LIM,3,144,165,2,,,,M,04,1,2.0,,2000
00IN01136,1998640115,K0115,64,K0115,98,2,00,1,05,52,876263,882263,0,,CC,,3,,H,116,104,1,,93,1002,H,,,2.0,"LUNGER,CLA,X",2000
00IN01137,1998640116,K0116,64,K0116,98,1,62,1,06,04,872363,571163,7,,,,2,125,M,237,261,0,,92,0921,C,,,2.0,,2000
00IN01138,1998640118,K0118,64,K0118,98,2,61,1,06,03,874463,818163,7,,,,1,GXE,2,183,182,2,,,,R,03,1,2.0,4TEATS,2000
00IN01139,1998640121,K0121,64,K0121,98,2,00,1,05,51,859663,857063,0,,CC,,1,,2,186,186,1,,,,H,54,1,2.0,,2000
00IN01140,1998640122,K0122,64,K0122,98,2,61,1,06,01,890163,895963,7,,,,3,GXE,5,212,236,1,,93,1002,R,,,2.0,4TEATS,2000
00IN01141,1998640123,K0123,64,K0123,98,2,60,1,06,02,862463,776763,7,,,,1,GXE,2,165,169,2,,,,M,02,1,2.0,,2000
00IN01142,1998640126,K0126,64,K0126,98,2,62,1,06,05,871163,873563,7,,,,1,GXE,2,152,154,2,,,,C,01,1,2.0,,2000
00IN01143,1998640130,K0130,64,K0130,98,2,60,1,06,04,872363,778463,7,,,,6,LIM,3,151,0,0,,66,1004,M,,,2.0,XWILD,2000
00IN01144,1998640131,K0131,64,K0131,98,2,60,1,06,04,872363,778463,7,,,,1,LIM,L,177,156,1,,,,M,01,1,2.0,4TEATS,2000
00IN01145,1998640135,K0135,64,K0135,98,2,60,1,06,05,871163,878563,7,,,,3,GXE,H,181,181,13,,93,1002,M,,,2.0,RUPTURE X,2000
00IN01146,1998640143,K0143,64,K0143,98,1,61,1,06,03,874463,899963,2,,,,3,LIB,*,0,0,0,H,93,0317,R,,,2.0,DUD,2000
00IN01147,1998640145,K0145,64,K0145,98,2,60,1,06,02,862463,682763,7,,,,1,LIM,3,171,178,2,,,,M,02,1,2.0,4TEATS,2000
00IN01148,1998640147,K0147,64,K0147,98,1,00,1,05,52,876263,364710,2,,CC,,3,LIB,*,0,0,0,H,93,0317,H,,,2.0,DUD,2000
00IN01149,1998640150,K0150,64,K0150,98,1,00,1,05,52,876263,870163,0,,CC,,1,,M,215,248,0,,,,H,,,2.0,H3,2000
00IN01150,1998640159,K0159,64,K0159,98,2,62,1,06,03,874463,854963,7,,,,1,LIM,3,151,160,2,,,,C,03,1,2.0,4TEATS,2000
00IN01151,1998640162,K0162,64,K0162,98,1,00,1,05,52,876263,743063,2,,CC,,3,LIB,*,0,0,0,1,,,H,,,2.0,DUD,2000
00IN01152,1998640170,K0170,64,K0170,98,2,60,1,06,04,872363,732163,7,,,,1,GXE,1,169,172,2,,,,M,04,1,2.0,NICE,2000
00IN01153,1998640172,K0172,64,K0172,98,1,61,1,06,04,872363,704163,2,,,,3,LIB,*,0,0,0,1,,,R,,,2.0,DUD,2000
00IN01154,1998640173,K0173,64,K0173,98,2,61,1,06,04,872363,704163,7,,,,6,GXE,1,185,0,0,,04,0706,R,,,2.0,,2000
00IN01155,1998640174,K0174,64,K0174,98,2,60,1,06,01,890163,718363,7,,,,1,GXE,2,165,173,2,,,,M,05,1,2.0,4TEATS,2000
00IN01156,1998640180,K0180,64,K0180,98,2,60,1,06,04,872363,627863,7,,,,1,GXE,1,161,166,2,,,,M,06,1,2.0,DYSTOCIA'99,2000
00IN01157,1998640187,K0187,64,K0187,98,2,61,1,06,03,874463,844563,7,,,,1,LIM,3,161,147,2,,,,R,07,1,2.0,4TEATS,2000
00IN01158,1998640196,K0196,64,K0196,98,2,00,1,05,51,859663,770263,0,,CC,,3,,5,154,170,1,,93,1002,H,,,2.0,,2000
00IN01159,1998640213,K0213,64,K0213,98,2,62,1,06,01,890163,702263,7,,,,1,GXE,2,171,174,2,,,,C,08,1,2.0,,2000
00IN01160,1998640214,K0214,64,K0214,98,2,62,1,06,01,890163,702263,7,,,,1,GXE,2,173,177,2,,12,1018,C,09,1,2.0,BLK.TEAT,2000
00IN01161,1998640225,K0225,64,K0225,98,1,60,1,06,03,874463,667963,7,,,,6,VAS,M,222,265,0,X,18,0816,M,,,2.0,,2000
00IN01162,1998640230,K0230,64,K0230,98,2,62,1,06,04,872363,894163,7,,,,K,LIM,K,161,0,0,,,,C,KNA,3,2.0,,2000
00IN01163,1998640233,K0233,64,K0233,98,1,60,1,06,04,872363,715963,7,,,,3,GXE,M,229,261,0,,93,0812,M,,,2.0,,2000
00IN01164,1998640236,K0236,64,K0236,98,1,00,1,05,52,876263,889063,0,,CC,,1,,M,180,221,0,,,,H,,,2.0,DUD,2000
00IN01165,1998640241,K0241,64,K0241,98,2,60,1,06,06,900163,623863,7,,,,1,GXE,1,190,185,2,,,,M,01,1,2.0,,2000
00IN01166,1998640242,K0242,64,K0242,98,2,00,1,05,52,876263,903263,0,,CC,,1,,1,191,184,2,,,,H,54,1,2.0,DYSTOCIA'99,2000
00IN01167,1998640244,K0244,64,K0244,98,2,61,1,06,04,872363,681663,7,,,,1,LIM,L,152,150,2,,,,R,02,1,2.0,SIDE Grn.1244,2000
00IN01168,1998640249,K0249,64,K0249,98,2,60,1,06,05,871163,750963,7,,,,1,GXE,1,214,190,2,,,,M,03,1,2.0,,2000
00IN01169,1998640251,K0251,64,K0251,98,2,60,1,06,02,862463,606363,7,,,,1,GXE,1,200,197,3,,,,M,04,1,2.0,BIG BAG,2000
00IN01170,1998640252,K0252,64,K0252,98,2,60,1,06,02,862463,606363,7,,,,1,GXE,2,171,182,2,,,,M,05,1,2.0,,2000
00IN01171,1998640254,K0254,64,K0254,98,2,62,1,06,04,872363,919063,7,,,,1,LIM,3,180,169,2,,,,C,06,1,2.0,,2000
00IN01172,1998640258,K0258,64,K0258,98,1,61,1,06,06,900163,800963,2,,,,3,LIB,*,0,0,0,1,,,R,,,2.0,"NICE,DUD",2000
00IN01173,1998640263,K0263,64,K0263,98,2,00,1,05,52,876263,897263,0,,CC,,1,,1,183,170,2,,,,H,55,1,2.0,,2000
00IN01174,1998640268,K0268,64,K0268,98,1,60,1,06,01,890163,811163,2,,,,3,LIB,*,0,0,0,X,93,0306,M,,,2.0,DUD,2000
00IN01175,1998640269,K0269,64,K0269,98,1,00,1,05,51,859663,815763,0,,CC,,1,,M,190,228,0,,,,H,,,2.0,,2000
00IN01176,1998640270,K0270,64,K0270,98,2,00,1,05,51,859663,815763,0,,CC,,7,,1,153,0,0,,97,0915,H,,,2.0,"ENTR,4TEATS",2000
00IN01177,1998640273,K0273,64,K0273,98,2,61,1,06,04,872363,635463,7,,,,1,LIM,3,166,168,2,,,,R,07,1,2.0,,2000
00IN01178,1998640275,K0275,64,K0275,98,2,60,1,06,01,890163,713163,7,,,,1,GXE,1,190,195,2,,,,M,08,1,2.0,4TEATS,2000
00IN01179,1998640276,K0276,64,K0276,98,2,60,1,06,01,890163,713163,7,,,,1,LIM,3,169,177,2,,,,M,09,1,2.0,4TEATS,2000
00IN01180,1998640279,K0279,64,K0279,98,1,60,1,06,01,890163,883563,7,,,,2,130,M,242,294,0,,92,0921,M,,,2.0,MR.BIG,2000
00IN01181,1998640280,K0280,64,K0280,98,2,61,1,06,06,900163,775563,7,,,,1,LIM,3,158,164,1,,,,R,01,1,2.0,,2000
00IN01182,1998640281,K0281,64,K0281,98,2,61,1,06,06,900163,775563,7,,,,1,GXE,2,142,147,2,,,,R,02,1,2.0,,2000
00IN01183,1998640283,K0283,64,K0283,98,2,00,1,05,51,859663,556610,0,,CC,,1,,1,178,176,2,,,,H,54,1,2.0,DYSTOCIA,2000
00IN01184,1998640284,K0284,64,K0284,98,1,62,1,06,01,890163,821763,2,,,,3,LIB,*,0,0,0,1,,,C,,,2.0,"F2-,DUD",2000
00IN01185,1998640287,K0287,64,K0287,98,2,61,1,06,06,900163,781863,7,,,,1,GXE,1,175,171,2,,,,R,03,1,2.0,,2000
00IN01186,1998640288,K0288,64,K0288,98,2,00,1,05,e10,836363,992663,0,,CC,,1,,1,156,169,2,,,,H,54,1,2.0,WEAK,2000
00IN01187,1998640289,K0289,64,K0289,98,2,60,1,06,03,874463,753963,7,,,,1,GXE,1,185,172,2,,,,M,04,1,2.0,4TEATS,2000
00IN01188,1998640292,K0292,64,K0292,98,2,62,1,06,06,900163,588463,7,,,,1,GXE,2,182,162,2,,,,C,05,1,2.0,BRN.R.HIP,2000
00IN01189,1998640297,K0297,64,K0297,98,2,61,1,06,01,890163,738763,7,,,,1,LIM,3,167,175,2,,,,R,06,1,2.0,,2000
00IN01190,1998640299,K0299,64,K0299,98,1,00,1,05,52,876263,675363,0,,CN,,1,,M,206,256,0,,,,H,,,2.0,"H3, F3-",2000
00IN01191,1998640307,K0307,64,K0307,98,2,60,1,06,02,862463,795463,7,,,,1,LIM,3,161,172,2,,,,M,07,1,2.0,4TEATS,2000
00IN01192,1998640316,K0316,64,K0316,98,2,62,1,06,05,871163,672363,7,,,,1,GXE,1,201,189,2,,,,C,08,1,2.0,,2000
00IN01193,1998640317,K0317,64,K0317,98,2,62,1,06,05,871163,672363,7,,,,6,GXE,1,172,0,0,,11,0804,C,,,2.0,4TEATS,2000
00IN01194,1998640325,K0325,64,K0325,98,2,00,1,05,52,876263,915063,0,,CC,,6,,2,184,0,0,,05,0512,H,,,2.0,MASTITIS 5/12,2000
00IN01195,1998640329,K0329,64,K0329,98,1,00,1,05,51,859663,877663,2,,CN,,3,LIB,*,0,0,0,X,93,0306,H,,,2.0,DUD,2000
00IN01196,1998640333,K0333,64,K0333,98,2,62,1,06,05,871163,890063,7,,,,U,GXE,1,195,184,6,,,,C,U,A,2.0,,2000
00IN01197,1998640335,K0335,64,K0335,98,1,62,1,06,05,871163,485863,7,,,,2,128,M,242,286,0,,92,0921,C,,,2.0,BAD R. EYE,2000
00IN01198,1998640342,K0342,64,K0342,98,2,62,1,06,01,890163,577163,7,,,,1,GXE,2,175,173,6,,,,C,09,1,2.0,"ENTR,4TEATS",2000
00IN01199,1998640357,K0357,64,K0357,98,2,61,1,06,01,890163,790863,7,,,,K,LIM,K,146,0,0,,,,R,KNA,3,2.0,4TEATS,2000
00IN01200,1998640361,K0361,64,K0361,98,2,61,1,06,06,900163,801363,7,,,,1,LIM,3,186,172,2,,,,R,01,1,2.0,,2000
00IN01201,1998640366,K0366,64,K0366,98,2,60,1,06,06,900163,617263,7,,,,1,LIM,3,147,153,2,,,,M,02,1,2.0,4TEATS,2000
00IN01202,1998640372,K0372,64,K0372,98,2,61,1,06,06,900163,612363,7,,,,1,GXE,1,173,167,1,,,,R,03,1,2.0,4TEATS,2000
00IN01203,1998640377,K0377,64,K0377,98,2,62,1,06,04,872363,784463,7,,,,1,GXE,H,186,164,2,,,,C,04,1,2.0,TRT EYE oo,2000
00IN01204,1998640379,K0379,64,K0379,98,2,60,1,06,05,871163,783263,7,,,,U,GXE,1,189,195,2,,,,M,U,A,2.0,TIGHT TEATS,2000
00IN01205,1998640382,K0382,64,K0382,98,2,62,1,06,03,874463,667063,7,,,,1,GXE,1,171,152,2,,,,C,05,1,2.0,DYSTOCIA'99,2000
00IN01206,1998640383,K0383,64,K0383,98,2,60,1,06,04,872363,843363,7,,,,U,GXE,2,187,157,11,,,,M,U,A,2.0,,2000
00IN01207,1998640384,K0384,64,K0384,98,2,60,1,06,04,872363,843363,7,,,,1,LIM,3,158,164,2,,,,M,06,1,2.0,,2000
00IN01208,1998640386,K0386,64,K0386,98,1,00,1,05,51,859663,862363,0,,CC,,1,,M,214,248,0,,,,H,,,2.0,,2000
00IN01209,1998640392,K0392,64,K0392,98,1,62,1,06,01,890163,668863,2,,,,3,LIB,*,0,0,0,1,,,C,,,2.0,DUD,2000
00IN01210,1998640395,K0395,64,K0395,98,2,00,1,05,51,859663,853963,0,,CC,,6,,*,0,0,0,,28,0327,H,,,2.0,"DEAD,DOWNER",2000
00IN01211,1998640405,K0405,64,K0405,98,2,61,1,06,06,900163,729263,7,,,,1,GXE,1,199,181,2,,,,R,07,1,2.0,,2000
00IN01212,1998640406,K0406,64,K0406,98,2,60,1,06,06,900163,696463,7,,,,1,GXE,2,209,196,2,,,,M,08,1,2.0,,2000
00IN01213,1998640408,K0408,64,K0408,98,2,60,1,06,03,874463,725363,7,,,,K,LIM,K,155,0,0,,,,M,KNA,3,2.0,4TEATS,2000
00IN01214,1998640413,K0413,64,K0413,98,2,62,1,06,02,862463,695563,7,,,,1,GXE,1,194,184,2,,,,C,09,1,2.0,,2000
00IN01215,1998640422,K0422,64,K0422,98,2,61,1,06,01,890163,601363,7,,,,1,GXE,2,199,193,2,,,,R,01,1,2.0,,2000
00IN01216,1998640423,K0423,64,K0423,98,2,60,1,06,06,900163,690063,7,,,,1,LIM,3,155,178,2,,,,M,02,1,2.0,4TEATS,2000
00IN01217,1998640429,K0429,64,K0429,98,1,60,1,06,06,900163,686263,7,,,,3,VAS,M,250,291,0,X,,,M,,,2.0,VASCECTOMY,2000
00IN01218,1998640431,K0431,64,K0431,98,2,60,1,06,04,872363,726363,7,,,,1,GXE,2,181,173,2,,,,M,03,1,2.0,,2000
00IN01219,1998640432,K0432,64,K0432,98,2,60,1,06,04,872363,726363,7,,,,1,GXE,1,183,178,2,,,,M,04,1,2.0,,2000
00IN01220,1998640433,K0433,64,K0433,98,1,60,1,06,01,890163,774363,7,,,,2,124,M,239,282,0,,92,0921,M,,,2.0,4TEATS,2000
00IN01221,1998640434,K0434,64,K0434,98,2,60,1,06,01,890163,774363,7,,,,1,GXE,2,167,139,1,,,,M,05,1,2.0,FOUND 11/9/00,2000
00IN01222,1998640437,K0437,64,K0437,98,2,61,1,06,02,862463,860163,7,,,,K,LIM,K,161,0,0,,,,R,KNA,3,2.0,DRY 5/24/99,2000
00IN01223,1998640440,K0440,64,K0440,98,2,61,1,06,01,890163,591763,7,,,,1,LIM,3,180,181,2,,,,R,06,1,2.0,4TEATS,2000
00IN01224,1998640441,K0441,64,K0441,98,2,00,1,05,52,876263,699063,0,,CC,,1,,2,203,183,2,,,,H,54,1,2.0,,2000
00IN01225,1998640444,K0444,64,K0444,98,2,60,1,06,01,890163,597263,7,,,,1,LIM,3,184,183,2,,,,M,07,1,2.0,4TEATS,2000
00IN01226,1998640448,K0448,64,K0448,98,2,00,1,05,51,859663,894663,0,,CC,,1,,1,174,167,2,,,,H,53,1,2.0,,2000
00IN01227,1998640450,K0450,64,K0450,98,2,61,1,06,04,872363,728463,7,,,,6,GXE,2,209,0,0,,32,0524,R,,,2.0,,2000
00IN01228,1998640451,K0451,64,K0451,98,2,61,1,06,04,872363,728463,7,,,,1,GXE,1,184,185,2,,,,R,08,1,2.0,,2000
00IN01229,1998640457,K0457,64,K0457,98,1,62,1,06,05,871163,824363,2,,,,3,LIB,*,0,0,0,1,76,1130,C,,,2.0,"DUD, DEAD",2000
00IN01230,1998640458,K0458,64,K0458,98,2,62,1,06,06,900163,819863,7,,,,1,GXE,2,207,190,2,,,,C,09,1,2.0,,2000
00IN01231,1998640462,K0462,64,K0462,98,2,62,1,06,01,890163,767363,7,,,,1,GXE,1,193,159,3,,,,C,01,1,2.0,4TEATS,2000
00IN01232,1998640471,K0471,64,K0471,98,2,00,1,05,52,876263,390710,0,,CC,,1,,1,206,210,2,,,,H,55,1,2.0,DYSTOCIA,2000
00IN01233,1998640474,K0474,64,K0474,98,2,61,1,06,03,874463,880863,7,,,,1,GXE,1,171,160,2,,,,R,02,1,2.0,EYE GONE,2000
00IN01234,1998640476,K0476,64,K0476,98,2,61,1,06,05,871163,597163,7,,,,K,LIM,K,150,0,0,,,,R,KNA,3,2.0,,2000
00IN01235,1998640495,K0495,64,K0495,98,2,60,1,06,06,900163,756363,7,,,,1,LIM,3,147,171,2,,,,M,03,1,2.0,SUCK1SIDE,2000
00IN01236,1998640497,K0497,64,K0497,98,2,60,1,06,06,900163,756363,7,,,,7,LIM,*,0,0,0,,97,0316,M,,,2.0,MSG 3/16/00,2000
00IN01237,1998640504,K0504,64,K0504,98,2,61,1,06,04,872363,720163,7,,,,1,GXE,2,189,192,2,,,,R,04,1,2.0,PETITE TEATS,2000
00IN01238,1998640511,K0511,64,K0511,98,2,62,1,06,01,890163,778763,7,,,,1,LIM,3,173,173,2,,,,C,05,1,2.0,,2000
00IN01239,1998640520,K0520,64,K0520,98,2,62,1,06,02,862463,910763,7,,,,1,GXE,1,184,168,2,,,,C,06,1,2.0,,2000
00IN01240,1998640531,K0531,64,K0531,98,1,62,1,06,03,874463,782463,7,,,,2,129,M,249,283,0,,92,0921,C,,,2.0,4TEATS,2000
00IN01241,1998640532,K0532,64,K0532,98,2,62,1,06,03,874463,782463,7,,,,1,GXE,2,189,181,2,,,,C,07,1,2.0,TRT EYES '00,2000
00IN01242,1998640538,K0538,64,K0538,98,2,60,1,06,02,862463,846063,7,,,,1,GXE,5,165,196,1,,,,M,08,1,2.0,DYSTOCIA'99,2000
00IN01243,1998640545,K0545,64,K0545,98,2,61,1,06,03,874463,809963,7,,,,1,GXE,2,180,156,2,,,,R,09,1,2.0,4TEATS,2000
00IN01244,1998640550,K0550,64,K0550,98,2,60,1,06,01,890163,477063,7,,,,1,LIM,3,196,175,2,,,,M,01,1,2.0,4TEATS,2000
00IN01245,1998640567,K0567,64,K0567,98,1,61,1,06,05,871163,610963,7,,,,3,GXE,M,206,254,0,,93,0812,R,,,2.0,,2000
00IN01246,1998640573,K0573,64,K0573,98,2,60,1,06,03,874463,795563,7,,,,1,LIM,3,153,180,2,,,,M,02,1,2.0,4TEATS,2000
00IN01247,1998640575,K0575,64,K0575,98,2,60,1,06,02,862463,830263,7,,,,1,LIM,3,172,175,2,,,,M,03,1,2.0,4TEATS,2000
00IN01248,1992635986,K5986,63,K5986,92,2,60,1,06,C-4,388463,385763,7,,,,3,LIM,3,192,186,2,,93,1002,M,,,8.0,"OK,KEEP, age8",2000
00IN01249,1992635997,K5997,63,K5997,92,2,68,1,06,C10,442963,433863,2,,,,3,OVX,*,0,0,0,X,,,,,,8.0,OVX.EWE,2000
00IN01250,1992636342,K6342,63,K6342,92,2,68,1,06,C10,442963,354563,2,,,,3,OVX,*,0,0,0,X,,,,,,8.0,OVX EWE,2000
00IN01251,1993636658,K6658,63,K6658,93,2,60,1,06,602,560863,508263,7,,,,3,GXE,2,209,191,2,1,93,1002,M,,,7.0,X BAD EYE,2000
00IN01252,1993636676,K6676,63,K6676,93,2,00,1,05,751,0751,306263,0,,CN,,3,,2,205,179,2,,93,1002,H,,,7.0,DYSTOCIA,2000
00IN01253,1993636679,K6679,63,K6679,93,2,60,1,06,602,560863,328563,7,,,,2, 57,2,177,147,2,,92,0921,M,,,7.0,SUCK1SIDE,2000
00IN01254,1993636680,K6680,63,K6680,93,2,62,1,06,813,516263,546663,7,,,,U,LIM,5,156,178,9,,,,C,U,A,7.0,,2000
00IN01255,1993636718,K6718,63,K6718,93,2,62,1,06,913,544763,573563,7,,,,U,GXE,1,206,194,5,,,,C,U,A,7.0,STRAY 9/8/99,2000
00IN01256,1993636719,K6719,63,K6719,93,2,62,1,06,913,544763,573563,7,,,,7,LIM,3,160,0,0,,97,0929,C,,,7.0,,2000
00IN01257,1993636723,K6723,63,K6723,93,2,62,1,06,913,544763,347963,7,,,,2, 57,2,200,178,2,,92,0921,H,,,7.0,LTS,2000
00IN01258,1993636726,K6726,63,K6726,93,2,62,1,06,843,537963,196663,7,,,,2, 57,1,157,160,2,1,92,0921,C,,,7.0,CUT @LR FOOT,2000
00IN01259,1993636729,K6729,63,K6729,93,2,62,1,06,843,537963,564663,7,,,,3,LIM,H,150,119,1,,93,1002,C,,,7.0,"X,AGE,GIMPY",2000
00IN01260,1993636753,K6753,63,K6753,93,2,00,1,05,201,2010,380863,0,,CN,,3,,5,181,197,1,,93,1002,H,,,7.0,RUPTURE?,2000
00IN01261,1993636763,K6763,63,K6763,93,2,00,1,05,338,0338,453663,0,,CN,,6,,*,0,0,0,,16,0225,H,,,7.0,DYSTOCIA 94,2000
00IN01262,1993636788,K6788,63,K6788,93,2,00,1,05,338,0338,190763,0,,CN,,U,,1,177,171,2,,,,H,U,A,7.0,SLICK CN ewe,2000
00IN01263,1993636797,K6797,63,K6797,93,2,60,1,06,603,574963,560963,7,,,,6,LIM,3,192,0,0,2,28,0605,M,,,7.0,"DYSTOCIA,DEAD",2000
00IN01264,1993636816,K6816,63,K6816,93,2,61,1,06,602,560863,460563,7,,,,2, 57,1,195,182,3,,92,0921,R,,,7.0,SW.BAG,2000
00IN01265,1993636827,K6827,63,K6827,93,2,60,1,06,604,531763,533163,7,,,,7,GXE,2,217,0,0,,97,0915,M,,,7.0,2CLOUDY EYES,2000
00IN01266,1993636837,K6837,63,K6837,93,2,62,1,06,813,516263,449163,7,,,,7,LIM,*,0,0,0,,97,0312,H,,,7.0,MSG 3/12/00,2000
00IN01267,1993636843,K6843,63,K6843,93,2,00,1,05,338,0338,426663,0,,CN,,3,,1,170,0,0,,93,0710,H,,,7.0,"SCOURS,AGE",2000
00IN01268,1993636896,K6896,63,K6896,93,2,62,1,06,913,544763,511063,7,,,,3,LIM,*,0,0,0,,93,0110,C,,,7.0,"X,CLA,OPP",2000
00IN01269,1993636897,K6897,63,K6897,93,2,62,1,06,913,544763,511063,2,,,,6,OVX,*,0,0,0,X,95,0308,,,,7.0,age2 dry2,2000
00IN01270,1993636900,K6900,63,K6900,93,2,60,1,06,602,560863,525263,7,,,,U,GXE,1,166,165,3,1,,,H,U,A,7.0,"SW.BAG,ENTR",2000
00IN01271,1993636904,K6904,63,K6904,93,2,60,1,06,604,531763,191963,7,,,,2, 57,1,208,177,2,2,92,0921,M,,,7.0,R BLOODY MILK,2000
00IN01272,1993636917,K6917,63,K6917,93,2,62,1,06,883,563263,393663,7,,,,6,GXE,1,219,0,0,,86,0911,C,,,7.0,"DEAD, ATAXIC",2000
00IN01273,1993636937,K6937,63,K6937,93,2,60,1,06,601,520563,245763,7,,,,U,LIM,L,191,168,2,,,,M,U,A,7.0,,2000
00IN01274,1993636944,K6944,63,K6944,93,2,62,1,06,903,551163,536963,7,,,,U,LIM,3,170,168,2,,,,H,U,A,7.0,FIXBIGTAG '99,2000
00IN01275,1993636964,K6964,63,K6964,93,2,60,1,06,601,520563,484263,7,,,,2, 57,2,210,179,2,,92,0921,M,,,7.0,R BLOODY MILK,2000
00IN01276,1993636990,K6990,63,K6990,93,2,00,1,05,201,2009,368863,0,,CN,,1,,1,187,160,2,,,,H,51,1,7.0,STUB TEATS,2000
00IN01277,1993636999,K6999,63,K6999,93,2,60,1,06,c.2,531763,597263,7,,,,3,LIM,L,176,145,2,2,93,1002,H,,,7.0,THIN X,2000
00IN01278,1994637022,K7022,63,K7022,94,2,62,1,06,64,621863,598963,7,,,,3,LIM,3,172,150,2,1,93,1002,C,,,6.0,X THIN,2000
00IN01279,1994637024,K7024,63,K7024,94,2,60,1,06,04,583263,489163,7,,,,1,LIM,L,193,201,2,1,,,M,09,1,6.0,L BLOODY MILK,2000
00IN01280,1994637032,K7032,63,K7032,94,2,60,1,06,03,633863,511663,7,,,,3,LIM,X,0,0,0,,93,0612,M,,,6.0,LUNGER5/30/00,2000
00IN01281,1994637040,K7040,63,K7040,94,2,61,1,06,11,616863,389863,7,,,,1,LIM,3,167,175,2,,,,R,03,1,6.0,,2000
00IN01282,1994637041,K7041,63,K7041,94,2,61,1,06,13,610663,584063,7,,,,3,GXE,H,166,136,2,,93,1002,R,,,6.0,"X,DROPS OUT",2000
00IN01283,1994637058,K7058,63,K7058,94,2,62,1,06,63,619763,620563,7,,,,1,GXE,2,150,145,3,,,,C,04,1,6.0,UT.INFECTION,2000
00IN01284,1994637059,K7059,63,K7059,94,2,61,1,06,13,610663,515163,7,,,,1,GXE,1,197,182,2,2,,,R,05,1,6.0,,2000
00IN01285,1994637064,K7064,63,K7064,94,2,62,1,06,60,593963,617363,7,,,,1,LIM,L,198,187,1,1,,,C,06,1,6.0,4TEATS,2000
00IN01286,1994637096,K7096,63,K7096,94,2,62,1,06,69,644463,657663,7,,,,1,LIM,L,199,195,2,2,,,C,07,1,6.0,,2000
00IN01287,1994637131,K7131,63,K7131,94,2,60,1,06,02,615863,484263,7,,,,1,GXE,2,199,181,3,2,,,M,08,1,6.0,SW.BAG,2000
00IN01288,1994637133,K7133,63,K7133,94,2,61,1,06,13,610663,293663,7,,,,3,LIM,3,173,168,1,2,93,1002,R,,,6.0,X THIN,2000
00IN01289,1994637148,K7148,63,K7148,94,2,61,1,06,11,616863,594863,7,,,,1,LIM,L,185,149,2,1,,,R,09,1,6.0,CLR2+ NOSE,2000
00IN01290,1994637159,K7159,63,K7159,94,2,60,1,06,03,633863,492363,7,,,,1,GXE,1,229,182,3,,,,M,02,1,6.0,4TEATS,2000
00IN01291,1994637214,K7214,63,K7214,94,2,61,1,06,11,616863,510963,7,,,,1,GXE,1,227,207,2,,,,R,01,1,6.0,CAKED,2000
00IN01292,1994637219,K7219,63,K7219,94,2,61,1,06,13,610663,507263,7,,,,U,GXE,2,209,182,2,,,,R,U,A,6.0,"CORNEA SCAR,R",2000
00IN01293,1994637223,K7223,63,K7223,94,2,60,1,06,02,615863,649263,7,,,,1,LIM,3,182,184,3,1,,,M,03,1,6.0,REJECTS LAMBS,2000
00IN01294,1994637237,K7237,63,K7237,94,2,00,1,05,52,679663,426663,0,,CN,,7,,2,195,0,0,,97,0915,H,,,6.0,FLTS,2000
00IN01295,1994637256,K7256,63,K7256,94,2,62,1,06,65,622463,495363,7,,,,7,GXE,*,0,0,0,1,97,0306,C,,,6.0,LTS,2000
00IN01296,1994637263,K7263,63,K7263,94,2,60,1,06,04,583263,477063,7,,,,1,GXE,2,182,203,2,2,,,M,04,1,6.0,GOOD EWE,2000
00IN01297,1994637270,K7270,63,K7270,94,2,60,1,06,03,633863,606363,7,,,,1,GXE,2,232,210,2,,,,M,05,1,6.0,,2000
00IN01298,1994637284,K7284,63,K7284,94,2,61,1,06,11,616863,467663,7,,,,1,GXE,1,216,209,2,,,,R,06,1,6.0,HARDBAG,2000
00IN01299,1994637292,K7292,63,K7292,94,2,61,1,06,12,629863,557963,7,,,,1,GXE,2,199,174,3,1,,,R,07,1,6.0,TRT L.EYE,2000
00IN01300,1994637311,K7311,63,K7311,94,2,61,1,06,12,629863,460363,7,,,,1,LIM,3,194,204,4,1,,,R,08,1,6.0,SW.BAG,2000
00IN01301,1994637320,K7320,63,K7320,94,2,61,1,06,12,629863,512563,7,,,,1,LIM,3,176,179,2,2,,,R,09,1,6.0,ZANY,2000
00IN01302,1994637348,K7348,63,K7348,94,2,60,1,06,04,583263,431663,7,,,,3,GXE,1,197,203,3,,93,1002,M,,,6.0,X SW.BAG,2000
00IN01303,1994637387,K7387,63,K7387,94,2,61,1,06,12,629863,597163,7,,,,1,GXE,1,205,184,2,,,,R,01,1,6.0,,2000
00IN01304,1994637412,K7412,63,K7412,94,2,62,1,06,68,641463,555263,7,,,,1,GXE,2,170,157,2,1,,,C,02,1,6.0,,2000
00IN01305,1994637422,K7422,63,K7422,94,2,61,1,06,14,630463,650463,7,,,,1,LIM,3,181,212,2,2,,,R,03,1,6.0,,2000
00IN01306,1994637482,K7482,63,K7482,94,2,61,1,06,12,629863,522863,7,,,,1,GXE,1,204,176,2,1,,,R,04,1,6.0,,2000
00IN01307,1994637503,K7503,63,K7503,94,2,62,1,06,60,593963,257063,7,,,,1,LIM,3,167,186,2,,,,C,05,1,6.0,SM TEATS,2000
00IN01308,1994637505,K7505,63,K7505,94,2,62,1,06,69,644463,613563,7,,,,1,LIM,3,190,194,2,1,,,C,06,1,6.0,4TEATS,2000
00IN01309,1994637509,K7509,63,K7509,94,2,60,1,06,04,583263,662763,7,,,,1,LIM,5,149,200,1,,,,M,07,1,6.0,CONJUNCTIVITI,2000
00IN01310,1994637529,K7529,63,K7529,94,2,62,1,06,68,641463,627163,7,,,,3,GXE,1,199,173,2,1,93,1002,C,,,6.0,RUPTURE X,2000
00IN01311,1994637539,K7539,63,K7539,94,2,60,1,06,01,608863,636263,7,,,,1,LIM,L,180,145,2,,,,M,08,1,6.0,4TEATS,2000
00IN01312,1994637553,K7553,63,K7553,94,2,61,1,06,14,630463,549163,7,,,,1,GXE,1,185,170,2,,,,R,09,1,6.0,LF LIMP 4/8,2000
00IN01313,1994637563,K7563,63,K7563,94,2,60,1,06,02,615863,634063,7,,,,1,GXE,2,214,197,2,2,,,M,01,1,6.0,SUCK1SIDE,2000
00IN01314,1994637579,K7579,63,K7579,94,2,00,1,05,52,679663,529063,0,,CN,,3,,H,178,171,2,,93,1002,H,,,6.0,RUPTURE X,2000
00IN01315,1994637588,K7588,63,K7588,94,2,60,1,06,03,633863,464363,7,,,,1,LIM,L,215,170,2,,,,M,02,1,6.0,,2000
00IN01316,1994637643,K7643,63,K7643,94,2,00,1,05,52,679663,305363,0,,CN,,6,,1,160,0,0,,04,0524,H,,,6.0,,2000
00IN01317,1994637667,K7667,63,K7667,94,2,62,1,06,71,625563,564363,7,,,,1,LIM,3,172,158,2,2,,,C,03,1,6.0,4TEATS,2000
00IN01318,1994637670,K7670,63,K7670,94,2,60,1,06,01,608863,626463,7,,,,U,LIM,5,194,211,1,2,,,M,U,A,6.0,4TEATS,2000
00IN01319,1994637673,K7673,63,K7673,94,2,62,1,06,70,647263,631163,7,,,,1,GXE,1,211,190,3,,,,C,04,1,6.0,4TEATS,2000
00IN01320,1994637686,K7686,63,K7686,94,2,60,1,06,02,615863,508263,7,,,,U,GXE,1,200,191,2,1,,,M,U,A,6.0,BAD WOOL,2000
00IN01321,1994637688,K7688,63,K7688,94,2,60,1,06,03,633863,523863,7,,,,1,LIM,3,200,211,2,2,,,M,05,1,6.0,,2000
00IN01322,1994637702,K7702,63,K7702,94,2,00,1,05,R14,686863,675363,0,,CN,,1,,1,187,174,2,,,,H,53,1,6.0,,2000
00IN01323,1995637743,K7743,63,K7743,95,2,60,1,06,604,698363,598663,7,,,,1,GXE,2,209,191,2,1,,,M,07,1,5.0,,2000
00IN01324,1995637744,K7744,63,K7744,95,2,60,1,06,604,698363,598663,7,,,,1,LIM,3,240,182,2,1,,,M,08,1,5.0,"ENTR,DRUG1196",2000
00IN01325,1995637755,K7755,63,K7755,95,2,61,1,06,611,692763,701863,7,,,,1,GXE,1,213,201,3,1,,,R,06,1,5.0,SW.BAG,2000
00IN01326,1995637762,K7762,63,K7762,95,2,60,1,06,604,698363,549363,7,,,,1,LIM,3,186,185,2,,,,M,01,1,5.0,THIN,2000
00IN01327,1995637767,K7767,63,K7767,95,2,60,1,06,604,698363,484263,7,,,,1,GXE,2,209,188,4,,,,M,02,1,5.0,DYSTOCIA'99,2000
00IN01328,1995637779,K7779,63,K7779,95,2,60,1,06,602,666563,346463,7,,,,1,LIM,3,185,188,3,,,,M,09,1,5.0,NICE,2000
00IN01329,1995637784,K7784,63,K7784,95,2,60,1,06,602,666563,591563,7,,,,1,GXE,2,241,210,3,,,,M,03,1,5.0,DYSTOCIA'99,2000
00IN01330,1995637787,K7787,63,K7787,95,2,62,1,06, 69,666363,600363,7,,,,1,GXE,1,184,171,4,,,,C,04,1,5.0,,2000
00IN01331,1995637794,K7794,63,K7794,95,2,62,1,06, 66,667163,682363,7,,,,1,LIM,3,187,181,2,,,,C,05,1,5.0,,2000
00IN01332,1995637799,K7799,63,K7799,95,2,61,1,06,613,670163,589663,7,,,,1,GXE,1,214,194,3,,97,1025,R,06,1,5.0,ABS.L.FLANK,2000
00IN01333,1995637818,K7818,63,K7818,95,2,61,1,06,612,676663,496363,7,,,,1,LIM,3,171,186,2,,,,R,07,1,5.0,"ALL DEAD, DAB",2000
00IN01334,1995637832,K7832,63,K7832,95,2,60,1,06,602,666563,667263,7,,,,3,GXE,H,191,182,2,1,93,1002,M,,,5.0,RUPTURE X,2000
00IN01335,1995637836,K7836,63,K7836,95,2,61,1,06,611,692763,445063,7,,,,U,LIM,3,170,179,11,2,,,R,U,A,5.0,,2000
00IN01336,1995637843,K7843,63,K7843,95,1,62,1,06, 69,666363,636063,2,,,,3,LIB,*,0,0,0,X,93,0306,,,,5.0,LIB MOUNT,2000
00IN01337,1995637844,K7844,63,K7844,95,2,62,1,06, 62,674863,689663,7,,,,1,GXE,1,185,163,3,,,,C,08,1,5.0,,2000
00IN01338,1995637849,K7849,63,K7849,95,2,61,1,06,614,695163,494263,7,,,,7,LIM,H,155,0,0,,97,0915,R,,,5.0,"LUNGER, X",2000
00IN01339,1995637851,K7851,63,K7851,95,2,62,1,06, 65,678363,484963,7,,,,1,LIM,L,154,139,2,2,10,1210,C,09,1,5.0,"4TEATS,FEVER",2000
00IN01340,1995637856,K7856,63,K7856,95,2,61,1,06,612,676663,581363,7,,,,3,LIM,L,156,120,1,1,93,1002,R,,,5.0,POOR,2000
00IN01341,1995637871,K7871,63,K7871,95,2,61,1,06,613,670163,612363,7,,,,1,LIM,3,187,203,2,2,,,R,03,1,5.0,,2000
00IN01342,1995637877,K7877,63,K7877,95,2,61,1,06,613,670163,260263,7,,,,1,LIM,3,150,172,2,2,,,R,04,1,5.0,,2000
00IN01343,1995637885,K7885,63,K7885,95,2,62,1,06, 60,685763,536963,7,,,,1,LIM,3,174,163,2,,,,C,05,1,5.0,,2000
00IN01344,1995637908,K7908,63,K7908,95,2,61,1,06,611,692763,587063,7,,,,1,GXE,1,189,185,2,,,,R,06,1,5.0,THIN 96,2000
00IN01345,1995637914,K7914,63,K7914,95,2,60,1,06,601,688963,665863,7,,,,6,LIM,3,189,0,0,2,76,0425,M,,,5.0,X EYE LUNGS,2000
00IN01346,1995637945,K7945,63,K7945,95,2,62,1,06, 63,670863,620563,7,,,,1,GXE,1,169,157,2,1,,,C,07,1,5.0,,2000
00IN01347,1995637954,K7954,63,K7954,95,2,60,1,06,603,683263,597263,7,,,,1,GXE,1,178,172,5,,,,M,08,1,5.0,,2000
00IN01348,1995637955,K7955,63,K7955,95,2,60,1,06,603,683263,597263,7,,,,1,GXE,2,194,179,2,,,,M,09,1,5.0,DYSTOCIA97,2000
00IN01349,1995637984,K7984,63,K7984,95,2,61,1,06,612,676663,583063,7,,,,1,GXE,1,151,127,2,,97,1025,R,04,1,5.0,DYSTOCIA'99,2000
00IN01350,1995637989,K7989,63,K7989,95,2,60,1,06,601,688963,684763,7,,,,1,LIM,3,172,177,2,,,,M,05,1,5.0,4TEATS,2000
00IN01351,1995638009,K8009,63,K8009,95,2,61,1,06,614,695163,655063,7,,,,1,LIM,3,189,183,2,,,,R,02,1,5.0,SM BAG,2000
00IN01352,1995638013,K8013,63,K8013,95,2,61,1,06,613,670163,695863,7,,,,3,LIM,3,206,222,1,,93,1002,R,,,5.0,"X, FAT DRY",2000
00IN01353,1995638034,K8034,63,K8034,95,2,60,1,06,603,683263,410663,7,,,,6,GXE,2,178,0,0,1,16,0821,M,,,5.0,ON BACK,2000
00IN01354,1995638053,K8053,63,K8053,95,2,60,1,06,601,688963,318163,7,,,,7,GXE,1,199,0,0,,97,0915,M,,,5.0,ENTR,2000
00IN01355,1995638064,K8064,63,K8064,95,2,60,1,06,601,688963,594163,7,,,,1,GXE,1,200,192,2,,,,M,06,1,5.0,4TEATS,2000
00IN01356,1995638078,K8078,63,K8078,95,2,60,1,06,602,666563,460563,7,,,,3,GXE,1,215,200,3,,93,1002,M,,,5.0,HUGE SW.BAG,2000
00IN01357,1995638089,K8089,63,K8089,95,2,61,1,06,614,695163,293663,7,,,,1,GXE,2,220,188,2,1,,,R,01,1,5.0,,2000
00IN01358,1995638107,K8107,63,K8107,95,2,62,1,06, 66,667163,324963,7,,,,1,GXE,1,162,147,2,1,,,C,07,1,5.0,"BLOODY MILK,R",2000
00IN01359,1995638122,K8122,63,K8122,95,2,62,1,06, 61,697563,667063,7,,,,6,GXE,*,0,0,0,2,20,0331,C,,,5.0,DEAD,2000
00IN01360,1995638123,K8123,63,K8123,95,2,62,1,06, 61,697563,667063,7,,,,3,GXE,X,0,0,0,,93,0612,C,,,5.0,EMACIATED X,2000
00IN01361,1995638127,K8127,63,K8127,95,2,60,1,06,601,688963,552363,7,,,,1,GXE,1,233,233,1,2,,,M,08,1,5.0,LTS,2000
00IN01362,1995638156,K8156,63,K8156,95,2,60,1,06,602,666563,649263,7,,,,1,LIM,3,192,183,2,2,,,M,09,1,5.0,HAIRY check,2000
00IN01363,1995638161,K8161,63,K8161,95,2,60,1,06,601,688963,489163,7,,,,1,LIM,L,194,188,2,,,,M,01,1,5.0,4TEATS,2000
00IN01364,1995638181,K8181,63,K8181,95,2,61,1,06,614,695163,698563,7,,,,1,GXE,2,181,173,5,,,,R,03,1,5.0,DYSTOCIA'99,2000
00IN01365,1995638198,K8198,63,K8198,95,2,62,1,06, 68,685163,499563,7,,,,1,GXE,1,213,177,2,1,,,C,02,1,5.0,4TEATS,2000
00IN01366,1995638217,K8217,63,K8217,95,2,62,1,06, 60,685763,665963,7,,,,1,GXE,2,206,192,2,,,,C,03,1,5.0,,2000
00IN01367,1995638243,K8243,63,K8243,95,2,62,1,06, 67,681163,571163,7,,,,7,LIM,*,0,0,0,1,97,0425,C,,,5.0,MSG 4/25/00,2000
00IN01368,1995638244,K8244,63,K8244,95,2,62,1,06, 67,681163,571163,7,,,,1,LIM,L,200,194,1,,,,C,04,1,5.0,,2000
00IN01369,1995638245,K8245,63,K8245,95,2,61,1,06,613,670163,515163,7,,,,1,GXE,1,208,194,2,,,,R,05,1,5.0,LR LAME,2000
00IN01370,1995638269,K8269,63,K8269,95,2,00,1,06, 62,674863,699663,1,,,0,1,BLK,2,185,202,9,B,,,.,09,1,5.0,BAD SW.BAG,2000
00IN01371,1995638280,K8280,63,K8280,95,2,61,1,06,611,692763,507263,7,,,,1,LIM,L,189,182,2,X,93,1030,R,06,1,5.0,X 2 BAD EYES,2000
00IN01372,1995638305,K8305,63,K8305,95,2,61,1,06,612,676663,547863,7,,,,3,LIM,3,186,135,2,1,93,1002,R,,,5.0,CRIPPLE,2000
00IN01373,1995638306,K8306,63,K8306,95,2,61,1,06,612,676663,547863,7,,,,1,LIM,3,180,167,2,1,,,R,07,1,5.0,4TEATS,2000
00IN01374,1995638323,K8323,63,K8323,95,2,60,1,06,601,688963,686763,7,,,,6,LIM,L,214,0,0,2,16,0622,M,,,5.0,"DEAD, BLOAT",2000
00IN01375,1995638328,K8328,63,K8328,95,2,62,1,06, 60,685763,689063,7,,,,1,GXE,1,205,189,3,,,,C,08,1,5.0,"ENTR,4TEATS",2000
00IN01376,1995638347,K8347,63,K8347,95,2,61,1,06,612,676663,666963,7,,,,1,LIM,L,178,161,2,,,,R,09,1,5.0,4TEATS,2000
00IN01377,1995638426,K8426,63,K8426,95,2,60,1,06,604,698363,498863,7,,,,7,GXE,1,144,0,0,,97,0915,M,,,5.0,NICE,2000
00IN01378,1995638428,K8428,63,K8428,95,2,61,1,06,613,670163,653063,7,,,,3,GXE,5,219,235,2,1,93,1002,R,,,5.0,ABS. BACK x,2000
00IN01379,1995638433,K8433,63,K8433,95,2,60,1,06,601,688963,501163,7,,,,1,GXE,1,188,181,2,2,,,M,01,1,5.0,,2000
00IN01380,1995638445,K8445,63,K8445,95,2,61,1,06,613,670163,591763,7,,,,1,GXE,1,233,215,2,2,,,R,02,1,5.0,TIGHT TEATS,2000
00IN01381,1995638454,K8454,63,K8454,95,2,62,1,06, 63,670863,398663,2,,,,3,OVX,*,0,0,0,X,,,C,,,5.0,"X,UT.PROLAPSE",2000
00IN01382,1996638517,K8517,63,K8517,96,2,60,1,06,04,748163,598663,7,,,,1,GXE,1,189,175,2,,,,M,01,1,4.0,,2000
00IN01383,1996638526,K8526,63,K8526,96,2,62,1,06,02,704863,668163,7,,,,1,GXE,2,215,200,4,,,,C,02,1,4.0,,2000
00IN01384,1996638527,K8527,63,K8527,96,2,62,1,06,02,704863,668163,7,,,,1,LIM,3,190,191,2,,,,C,03,1,4.0,4TEATS,2000
00IN01385,1996638534,K8534,63,K8534,96,2,61,1,06,02,704863,601363,7,,,,7,LIM,3,186,0,0,,97,0929,R,,,4.0,BLK R KNEE OK,2000
00IN01386,1996638539,K8539,63,K8539,96,2,00,1,05,53,724563,688863,0,,CN,,1,,1,172,163,2,,,,H,54,1,4.0,"ENTR,4TEATS",2000
00IN01387,1996638549,K8549,63,K8549,96,2,62,1,06,02,704863,447063,7,,,,1,GXE,1,212,191,2,,,,C,04,1,4.0,,2000
00IN01388,1996638558,K8558,63,K8558,96,2,60,1,06,04,748163,471863,7,,,,1,LIM,3,152,152,2,,,,M,05,1,4.0,,2000
00IN01389,1996638563,K8563,63,K8563,96,2,00,1,05,56,783863,699363,0,,CN,,3,,H,175,178,2,,93,1002,H,,,4.0,"XSW.BAG,STIFF",2000
00IN01390,1996638570,K8570,63,K8570,96,2,00,1,05,51,718963,768863,0,,CN,,1,,1,194,194,2,,,,H,54,1,4.0,4TEATS,2000
00IN01391,1996638577,K8577,63,K8577,96,2,60,1,06,03,726663,693463,7,,,,U,LIM,L,172,189,11,,95,1211,M,U,A,4.0,,2000
00IN01392,1996638601,K8601,63,K8601,96,2,61,1,06,02,704863,736563,7,,,,1,GXE,1,176,179,3,,,,R,06,1,4.0,,2000
00IN01393,1996638613,K8613,63,K8613,96,2,00,1,05,52,724463,714863,0,,CN,,3,,1,192,187,11,,93,1002,H,,,4.0,,2000
00IN01394,1996638623,K8623,63,K8623,96,2,00,1,05,51,718963,705963,0,,CN,,1,,2,174,174,2,,,,H,55,1,4.0,,2000
00IN01395,1996638630,K8630,63,K8630,96,2,00,1,05,51,718963,764063,0,,CN,,1,,2,204,184,2,,97,1025,H,51,1,4.0,THIN RACK chk,2000
00IN01396,1996638645,K8645,63,K8645,96,2,00,1,05,53,724563,746163,0,,CN,,1,,2,202,191,2,,,,H,55,1,4.0,ABS.BUTT,2000
00IN01397,1996638654,K8654,63,K8654,96,2,00,1,05,51,718963,725663,0,,CN,,3,,1,229,205,2,,93,1002,H,,,4.0,HUGE BAG,2000
00IN01398,1996638672,K8672,63,K8672,96,2,00,1,05,52,724463,743063,0,,NN,,1,,2,186,175,2,,,,H,51,1,4.0,ENTR,2000
00IN01399,1996638678,K8678,63,K8678,96,2,61,1,06,01,722963,591463,7,,,,1,GXE,2,210,193,2,,,,R,07,1,4.0,4TEATS,2000
00IN01400,1996638686,K8686,63,K8686,96,2,00,1,05,55,781963,710563,0,,CN,,3,,1,197,166,2,,93,1002,H,,,4.0,"2""ABS.BRISKET",2000
00IN01401,1996638698,K8698,63,K8698,96,2,61,1,06,01,722963,522863,7,,,,U,GXE,2,217,208,5,,95,1211,R,U,A,4.0,LUMPY BAG X,2000
00IN01402,1996638718,K8718,63,K8718,96,2,61,1,06,01,722963,623363,7,,,,1,LIM,L,214,191,2,,,,R,08,1,4.0,ABORT 4/25/99,2000
00IN01403,1996638721,K8721,63,K8721,96,2,62,1,06,02,704863,684163,7,,,,1,GXE,1,193,186,2,,,,C,09,1,4.0,"FLT,SUCK1SIDE",2000
00IN01404,1996638735,K8735,63,K8735,96,2,62,1,06,01,722963,444863,7,,,,1,GXE,1,166,171,2,,,,C,01,1,4.0,4TEATS,2000
00IN01405,1996638736,K8736,63,K8736,96,2,62,1,06,01,722963,444863,7,,,,1,LIM,3,173,161,2,,,,C,02,1,4.0,R.P.,2000
00IN01406,1996638743,K8743,63,K8743,96,2,61,1,06,02,704863,589663,7,,,,1,LIM,3,185,176,2,,,,R,03,1,4.0,4TEATS,2000
00IN01407,1996638762,K8762,63,K8762,96,1,00,1,05,55,781963,766863,0,,CC,,3,,M,248,273,0,,93,0812,H,,,4.0,"LAME,RF,10/13",2000
00IN01408,1996638771,K8771,63,K8771,96,2,62,1,06,04,748163,674463,7,,,,1,GXE,2,203,179,2,,,,C,04,1,4.0,,2000
00IN01409,1996638785,K8785,63,K8785,96,2,60,1,06,03,726663,631363,7,,,,1,GXE,1,200,186,3,,,,M,05,1,4.0,,2000
00IN01410,1996638790,K8790,63,K8790,96,2,00,1,05,52,724463,706463,0,,CN,,3,,1,190,179,9,,93,1002,H,,,4.0,VLTS,2000
00IN01411,1996638800,K8800,63,K8800,96,2,00,1,05,51,718963,682763,0,,CN,,1,,1,192,191,3,,,,H,53,1,4.0,4TEATS,2000
00IN01412,1996638808,K8808,63,K8808,96,2,61,1,06,02,704863,681663,7,,,,1,GXE,1,229,212,2,,,,R,06,1,4.0,FIX R.EYE '99,2000
00IN01413,1996638822,K8822,63,K8822,96,2,00,1,05,56,783863,675363,0,,CC,,1,,1,184,173,6,,12,1018,H,51,1,4.0,4TEATS,2000
00IN01414,1996638823,K8823,63,K8823,96,2,00,1,05,56,783863,675363,0,,CC,,1,,2,159,155,2,,,,H,51,1,4.0,,2000
00IN01415,1996638830,K8830,63,K8830,96,2,00,1,05,61,834963,584263,0,,CN,,1,,2,185,170,2,,,,H,52,1,4.0,DYSTOCIA,2000
00IN01416,1996638832,K8832,63,K8832,96,2,00,1,05,56,783863,699463,2,,??,,3,OVX,*,0,0,0,X,,,H,,,4.0,"X, DNA",2000
00IN01417,1996638833,K8833,63,K8833,96,2,00,1,05,56,783863,699463,2,,??,,6,OVX,*,0,0,0,X,95,0308,H,,,4.0,"X, DNA",2000
00IN01418,1996638865,K8865,63,K8865,96,2,00,1,05,61,834963,673063,0,,CN,,1,,2,158,169,2,,,,H,52,1,4.0,*REBLEED*ok,2000
00IN01419,1996638881,K8881,63,K8881,96,2,62,1,06,04,748163,555263,7,,,,1,LIM,3,198,195,2,,,,C,07,1,4.0,,2000
00IN01420,1996638890,K8890,63,K8890,96,2,00,1,05,54,765663,371410,0,,CN,,6,,*,0,0,0,,09,0406,H,,,4.0,"RUPTURE,DEAD",2000
00IN01421,1996638895,K8895,63,K8895,96,2,00,1,05,52,724463,726363,0,,CN,,1,,2,179,167,2,,,,H,55,1,4.0,,2000
00IN01422,1996638896,K8896,63,K8896,96,2,00,1,05,56,783863,690663,0,,CN,,1,,1,191,181,2,,,,H,52,1,4.0,TRT EYE,2000
00IN01423,1996638900,K8900,63,K8900,96,2,62,1,06,03,726663,667063,7,,,,3,GXE,2,210,179,5,,93,1002,C,,,4.0,"ABS.BAG,CLA",2000
00IN01424,1996638912,K8912,63,K8912,96,2,00,1,05,52,724463,728463,0,,CN,,1,,1,188,172,2,,,,H,54,1,4.0,DYSTOCIA97,2000
00IN01425,1996638941,K8941,63,K8941,96,2,62,1,06,03,726663,524663,7,,,,1,GXE,1,220,203,2,,,,C,08,1,4.0,CSECTION ok,2000
00IN01426,1996638945,K8945,63,K8945,96,2,00,1,05,52,724463,394110,0,,NN,,1,,2,166,151,2,,,,H,51,1,4.0,DYSTOCIA97,2000
00IN01427,1996638946,K8946,63,K8946,96,2,00,1,05,52,724463,394110,0,,CC,,1,,1,170,173,3,,,,H,54,1,4.0,,2000
00IN01428,1996638959,K8959,63,K8959,96,2,61,1,06,01,722963,616263,7,,,,1,LIM,L,185,168,2,,,,R,09,1,4.0,,2000
00IN01429,1996638967,K8967,63,K8967,96,2,00,1,05,53,724563,696463,0,,CN,,1,,1,214,190,2,,,,H,51,1,4.0,ABS.L.HIP CUT,2000
00IN01430,1996638969,K8969,63,K8969,96,2,61,1,06,01,722963,583063,7,,,,1,LIM,3,173,195,2,,,,R,01,1,4.0,4TEATS,2000
00IN01431,1996638972,K8972,63,K8972,96,2,00,1,05,54,765663,741263,0,,CN,,1,,1,190,175,2,,,,H,52,1,4.0,"LAME,LR'99",2000
00IN01432,1996638983,K8983,63,K8983,96,2,00,1,05,54,765663,370210,2,,N?,,3,OVX,*,0,0,0,X,,,H,,,4.0,"X, DNA",2000
00IN01433,1996638989,K8989,63,K8989,96,2,00,1,05,52,724463,589163,0,,CN,,1,,2,183,175,2,,,,H,53,1,4.0,HAIRY,2000
00IN01434,1996638992,K8992,63,K8992,96,2,00,1,05,51,718963,507263,0,,CN,,1,,1,213,202,2,,,,H,54,1,4.0,,2000
00IN01435,1996638999,K8999,63,K8999,96,2,61,1,06,01,722963,714263,7,,,,6,GXE,1,192,0,0,,04,0904,R,,,4.0,HARD UDDER,2000
00IN01436,1996639002,K9002,63,K9002,96,2,00,1,05,61,834963,610763,0,,CN,,1,,1,206,194,2,X,04,1024,H,52,1,4.0,"X,DEAD,POISON",2000
00IN01437,1996639003,K9003,63,K9003,96,2,00,1,05,61,834963,610763,0,,CN,,1,,1,163,164,2,,,,H,55,1,4.0,LAME LR,2000
00IN01438,1996639019,K9019,63,K9019,96,2,61,1,06,02,704863,666963,7,,,,6,LIM,*,0,0,0,,10,0401,R,,,4.0,COYOTE,2000
00IN01439,1996639022,K9022,63,K9022,96,2,00,1,05,51,718963,729763,2,,??,,3,OVX,*,0,0,0,X,,,H,,,4.0,"X, DNA",2000
00IN01440,1996639024,K9024,63,K9024,96,2,60,1,06,04,748163,501163,7,,,,6,LIM,L,196,0,0,,05,0626,M,,,4.0,MASTITIS 6/26,2000
00IN01441,1996639032,K9032,63,K9032,96,2,00,1,05,54,765663,764363,0,,CC,,1,,2,160,152,2,,,,H,55,1,4.0,CHEEK KNOT,2000
00IN01442,1996639061,K9061,63,K9061,96,2,62,1,06,01,722963,680663,7,,,,1,LIM,3,201,193,5,,,,C,02,1,4.0,4TEATS,2000
00IN01443,1996639064,K9064,63,K9064,96,2,00,1,05,61,834963,592663,0,,CN,,1,,2,204,187,2,,,,H,52,1,4.0,L.EYE CLOUDY,2000
00IN01444,1996639072,K9072,63,K9072,96,2,60,1,06,04,748163,665863,7,,,,1,GXE,2,198,184,2,,,,M,03,1,4.0,4TEATS,2000
00IN01445,1996639084,K9084,63,K9084,96,2,00,1,05,55,781963,512563,0,,CN,,3,,1,197,178,2,,93,1002,H,,,4.0,LOW SW.BAG,2000
00IN01446,1996639107,K9107,63,K9107,96,2,62,1,06,04,748163,669963,7,,,,1,GXE,2,230,218,2,,,,C,04,1,4.0,DYSTOCIA,2000
00IN01447,1996639127,K9127,63,K9127,96,2,61,1,06,01,722963,472863,7,,,,1,LIM,3,220,205,2,,,,R,05,1,4.0,,2000
00IN01448,1996639136,K9136,63,K9136,96,2,00,1,05,53,724563,752963,0,,CN,,1,,2,166,155,2,,,,H,53,1,4.0,"NICE,ENTR",2000
00IN01449,1996639141,K9141,63,K9141,96,2,00,1,05,56,783863,676163,0,,NN,,1,,1,156,148,2,,,,H,54,1,4.0,,2000
00IN01450,1996639150,K9150,63,K9150,96,2,00,1,05,e.9,749963,815763,2,,NC,,3,OVX,*,0,0,0,X,,,H,,,4.0,"X, DNA",2000
00IN01451,1996639194,K9194,63,K9194,96,2,00,1,05,51,718963,667663,2,,C?,,3,OVX,*,0,0,0,X,,,H,,,4.0,"X, DNA",2000
00IN01452,1996639209,K9209,63,K9209,96,1,60,1,06,03,726663,466763,2,,,,7,LIB,*,0,0,0,X,97,0306,M,,,4.0,"DUD, MISSING",2000
00IN01453,1997639279,K9279,63,K9279,97,2,00,1,05,51,834963,755663,0,,CC,,1,,2,190,178,2,,,,H,55,1,3.0,ENTR,2000
00IN01454,1997639280,K9280,63,K9280,97,2,00,1,05,51,834963,676163,0,,CC,,1,,2,150,154,2,,,,H,55,1,3.0,4TEATS,2000
00IN01455,1997639285,K9285,63,K9285,97,2,68,1,06,01,801863,695863,7,,,,1,GXE,2,210,195,3,,,,R,07,1,3.0,ENTR,2000
00IN01456,1997639286,K9286,63,K9286,97,1,00,1,05,51,834963,699063,0,,CC,,3,,M,230,254,0,,93,0812,H,,,3.0,"X, ABS. NECK",2000
00IN01457,1997639287,K9287,63,K9287,97,2,00,1,05,51,834963,699063,0,,CC,,1,,2,155,146,2,,,,H,55,1,3.0,CR.FR.FEET ok,2000
00IN01458,1997639290,K9290,63,K9290,97,2,68,1,06,02,797763,812363,7,,,,1,GXE,1,179,183,2,,,,C,06,1,3.0,NICE,2000
00IN01459,1997639291,K9291,63,K9291,97,2,68,1,06,04,779363,573863,7,,,,1,LIM,3,173,172,2,,,,R,08,1,3.0,,2000
00IN01460,1997639300,K9300,63,K9300,97,2,00,1,05,51,834963,355810,0,,CC,,1,,2,167,159,2,,,,H,55,1,3.0,4TEATS,2000
00IN01461,1997639301,K9301,63,K9301,97,1,00,1,05,51,834963,355810,0,,CN,,1,,M,219,245,0,,,,H,,,3.0,,2000
00IN01462,1997639302,K9302,63,K9302,97,1,00,1,05,51,834963,355810,0,,CN,,1,,M,215,239,0,,,,H,,,3.0,4TEATS,2000
00IN01463,1997639305,K9305,63,K9305,97,2,00,1,91,54,007400,768663,7,,,,2, 47,5,189,179,2,,92,0921,D,,,3.0,ALL DAB y2000,2000
00IN01464,1997639306,K9306,63,K9306,97,2,00,1,91,54,007400,768663,7,,,,3,LIM,3,167,159,3,,93,1002,D,,,3.0,,2000
00IN01465,1997639307,K9307,63,K9307,97,2,68,1,06,02,797763,704063,7,,,,1,GXE,2,213,176,2,,,,R,09,1,3.0,MEAN,2000
00IN01466,1997639308,K9308,63,K9308,97,2,68,1,06,02,797763,704063,7,,,,U,GXE,2,156,153,9,,,,R,U,A,3.0,4TEATS,2000
00IN01467,1997639311,K9311,63,K9311,97,2,00,1,91,52,007400,600763,7,,,,2, 47,5,160,205,2,,92,0921,D,,,3.0,,2000
00IN01468,1997639312,K9312,63,K9312,97,2,00,1,91,54,007300,591863,7,,,,3,LIM,3,187,170,2,,93,1002,D,,,3.0,,2000
00IN01469,1997639313,K9313,63,K9313,97,2,00,1,91,54,007300,591863,7,,,,3,LIM,3,151,139,2,,93,1002,D,,,3.0,,2000
00IN01470,1997639314,K9314,63,K9314,97,2,00,1,91,54,007400,672263,7,,,,3,LIM,3,197,176,2,,93,1002,D,,,3.0,,2000
00IN01471,1997639315,K9315,63,K9315,97,1,00,1,91,54,006700,800363,7,,DOR,,2,115,M,189,217,0,,92,0921,D,,,3.0,"RAM, B.HEAD",2000
00IN01472,1997639316,K9316,63,K9316,97,2,00,1,91,54,007300,515163,7,,,,3,LIM,3,152,147,2,,93,1002,D,,,3.0,,2000
00IN01473,1997639321,K9321,63,K9321,97,2,00,1,05,e22,783863,865463,0,,CC,,1,,2,171,160,2,,,,H,54,1,3.0,"CC,TEST MATE!",2000
00IN01474,1997639324,K9324,63,K9324,97,2,00,1,91,52,006700,713163,7,,,,3,LIM,3,208,182,3,,93,1002,D,,,3.0,HUGE BELLY,2000
00IN01475,1997639325,K9325,63,K9325,97,1,00,1,91,52,006700,713163,7,,DOR,,6,,*,0,0,0,,76,0503,D,,,3.0,"RAM, WHITE",2000
00IN01476,1997639328,K9328,63,K9328,97,2,00,1,05,51,834963,676363,0,,CN,,1,,2,195,190,1,,,,H,55,1,3.0,,2000
00IN01477,1997639331,K9331,63,K9331,97,2,68,1,06,02,797763,691163,7,,,,1,GXE,1,204,205,2,,,,C,01,1,3.0,RP,2000
00IN01478,1997639337,K9337,63,K9337,97,2,68,1,06,01,801863,587063,7,,,,1,GXE,2,193,181,2,,,,R,02,1,3.0,,2000
00IN01479,1997639338,K9338,63,K9338,97,1,00,1,91,52,006700,621663,7,,DOR,,2,114,M,215,254,0,,92,0921,D,,,3.0,"RAM, B.HEAD",2000
00IN01480,1997639340,K9340,63,K9340,97,2,00,1,91,53,007400,589163,7,,,,3,LIM,3,190,176,2,,93,1002,D,,,3.0,,2000
00IN01481,1997639341,K9341,63,K9341,97,2,00,1,91,53,007400,589163,7,,,,3,LIM,3,164,155,2,,93,1002,D,,,3.0,,2000
00IN01482,1997639342,K9342,63,K9342,97,2,68,1,06,01,801863,811163,7,,,,1,GXE,1,190,158,2,,,,M,03,1,3.0,,2000
00IN01483,1997639350,K9350,63,K9350,97,2,00,1,91,54,000200,602463,7,,,,3,LIM,3,187,154,2,,93,1002,D,,,3.0,HAIRY,2000
00IN01484,1997639360,K9360,63,K9360,97,1,00,1,91,53,000200,702463,7,,DOR,,1,,M,218,249,0,,,,D,,,3.0,"RCVR,THIN,DRP",2000
00IN01485,1997639368,K9368,63,K9368,97,1,00,1,91,53,007300,597263,7,,DOR,,1,,M,219,244,0,,,,D,,,3.0,"RAM, WHITE",2000
00IN01486,1997639370,K9370,63,K9370,97,2,00,1,91,54,006700,684763,7,,,,3,LIM,3,191,172,2,,93,1002,D,,,3.0,,2000
00IN01487,1997639376,K9376,63,K9376,97,2,00,1,91,52,006700,706463,7,,,,3,LIM,3,181,164,2,,93,1002,D,,,3.0,,2000
00IN01488,1997639377,K9377,63,K9377,97,2,00,1,91,52,000200,747463,7,,,,3,LIM,3,173,160,2,,93,1002,D,,,3.0,THIN,2000
00IN01489,1997639380,K9380,63,K9380,97,2,00,1,05,51,834963,390710,0,,CN,,1,,3,143,176,2,,,,H,52,1,3.0,SUCK1SIDE,2000
00IN01490,1997639381,K9381,63,K9381,97,2,00,1,91,54,007400,800663,7,,,,6,LIM,3,161,0,0,,54,1007,D,,,3.0,"WILD, STRAY",2000
00IN01491,1997639383,K9383,63,K9383,97,2,00,1,91,54,007400,800663,7,,,,3,LIM,3,124,121,2,,93,1002,D,,,3.0,SAVE,2000
00IN01492,1997639385,K9385,63,K9385,97,1,00,1,05,51,834963,375710,0,,CN,,3,,M,233,258,0,,93,0812,H,,,3.0,LUNGER ? **,2000
00IN01493,1997639393,K9393,63,K9393,97,2,68,1,06,03,780563,588663,7,,,,1,GXE,1,180,182,1,,,,R,06,1,3.0,,2000
00IN01494,1997639396,K9396,63,K9396,97,2,00,1,91,52,006700,561663,7,,,,3,LIM,3,181,158,2,,93,1002,D,,,3.0,NICE,2000
00IN01495,1997639398,K9398,63,K9398,97,2,00,1,91,52,007400,680663,7,,,,3,LIM,3,170,129,3,,93,1002,D,,,3.0,HAIRY,2000
00IN01496,1997639403,K9403,63,K9403,97,2,00,1,91,52,000200,690063,7,,,,3,LIM,3,205,197,2,,93,1002,D,,,3.0,HAIRY,2000
00IN01497,1997639404,K9404,63,K9404,97,2,00,1,91,52,000200,690063,7,,,,3,LIM,3,171,190,12,,93,1002,D,,,3.0,,2000
00IN01498,1997639408,K9408,63,K9408,97,2,00,1,91,54,000200,823463,7,,,,3,LIM,3,192,181,2,,93,1002,D,,,3.0,,2000
00IN01499,1997639409,K9409,63,K9409,97,2,00,1,91,52,007400,731163,7,,,,3,LIM,3,184,185,2,,93,1002,D,,,3.0,,2000
00IN01500,1997639412,K9412,63,K9412,97,2,00,1,91,54,007400,795763,7,,,,3,LIM,3,191,170,2,,93,1002,D,,,3.0,,2000
00IN01501,1997639414,K9414,63,K9414,97,2,68,1,06,03,780563,659863,7,,,,3,LIM,3,182,203,2,,93,1002,C,,,3.0,"SM.BAG, M1",2000
00IN01502,1997639415,K9415,63,K9415,97,2,00,1,91,53,000200,616263,7,,,,3,LIM,3,182,163,3,,93,1002,D,,,3.0,HAIRY,2000
00IN01503,1997639416,K9416,63,K9416,97,2,00,1,91,53,000200,616263,7,,,,3,LIM,3,180,156,2,,93,1002,D,,,3.0,HAIRY,2000
00IN01504,1997639420,K9420,63,K9420,97,2,00,1,91,52,007300,701663,7,,,,3,LIM,3,177,156,2,,93,1002,D,,,3.0,,2000
00IN01505,1997639422,K9422,63,K9422,97,2,00,1,91,52,000200,736063,7,,,,3,LIM,3,194,190,2,,93,1002,D,,,3.0,KETOSIS ok,2000
00IN01506,1997639427,K9427,63,K9427,97,2,00,1,91,54,007300,666963,7,,,,3,LIM,3,170,160,2,,93,1002,D,,,3.0,,2000
00IN01507,1997639429,K9429,63,K9429,97,2,00,1,91,54,006700,472863,7,,,,6,LIM,3,161,0,0,,01,0605,D,,,3.0,DEAD 6/5/00,2000
00IN01508,1997639431,K9431,63,K9431,97,2,68,1,06,04,779363,630563,7,,,,1,GXE,2,208,171,2,,,,C,07,1,3.0,,2000
00IN01509,1997639434,K9434,63,K9434,97,1,00,1,91,53,000200,665863,7,,DOR,,1,,M,228,258,0,,,,D,,,3.0,"RAM, WHITE",2000
00IN01510,1997639436,K9436,63,K9436,97,2,00,1,91,52,006700,520363,7,,,,3,LIM,3,185,166,2,,93,1002,D,,,3.0,HAIRY,2000
00IN01511,1997639441,K9441,63,K9441,97,2,00,1,91,52,007300,775563,7,,,,3,LIM,3,163,179,2,,93,1002,D,,,3.0,,2000
00IN01512,1997639442,K9442,63,K9442,97,2,00,1,91,54,006700,649163,7,,,,3,LIM,3,192,183,2,,93,1002,D,,,3.0,,2000
00IN01513,1997639444,K9444,63,K9444,97,2,68,1,06,02,797763,588463,7,,,,1,LIM,3,184,201,2,,,,C,04,1,3.0,4TEATS,2000
00IN01514,1997639447,K9447,63,K9447,97,2,00,1,91,54,007400,731363,7,,,,3,LIM,3,173,147,2,,93,1002,D,,,3.0,FETI 1 TB 0,2000
00IN01515,1997639449,K9449,63,K9449,97,1,68,1,06,01,801863,725363,7,,,,3,GXE,M,225,263,0,,93,0812,M,,,3.0,NICE,2000
00IN01516,1997639453,K9453,63,K9453,97,2,00,1,91,52,000200,668163,7,,,,3,LIM,3,179,165,2,,93,1002,D,,,3.0,HAIRY,2000
00IN01517,1997639462,K9462,63,K9462,97,2,00,1,91,52,007400,688163,7,,,,3,LIM,3,182,166,2,,93,1002,D,,,3.0,,2000
00IN01518,1997639464,K9464,63,K9464,97,1,68,1,06,02,797763,727063,7,,,,3,GXE,M,235,284,0,,93,0812,M,,,3.0,GOOD WOOL,2000
00IN01519,1997639467,K9467,63,K9467,97,2,00,1,91,53,007300,620563,7,,,,3,LIM,3,167,166,4,,93,1002,D,,,3.0,,2000
00IN01520,1997639472,K9472,63,K9472,97,2,00,1,91,53,000200,752163,7,,,,3,LIM,3,187,166,3,,93,1002,D,,,3.0,HAIRY,2000
00IN01521,1997639474,K9474,63,K9474,97,2,68,1,06,01,801863,672963,7,,,,1,LIM,L,161,143,1,,,,C,05,1,3.0,,2000
00IN01522,1997639475,K9475,63,K9475,97,2,68,1,06,01,801863,672963,7,,,,1,LIM,3,165,170,2,,,,C,08,1,3.0,,2000
00IN01523,1997639477,K9477,63,K9477,97,2,00,1,05,52,802763,683163,0,,CN,,1,,1,175,168,2,,,,H,54,1,3.0,ENTR,2000
00IN01524,1997639479,K9479,63,K9479,97,2,68,1,06,02,797763,696463,7,,,,1,GXE,1,225,218,2,,,,M,09,1,3.0,FAT,2000
00IN01525,1997639480,K9480,63,K9480,97,2,68,1,06,02,797763,696463,7,,,,1,LIM,L,166,148,1,,,,M,01,1,3.0,,2000
00IN01526,1997639481,K9481,63,K9481,97,2,00,1,91,54,007300,783263,7,,,,3,LIM,3,177,163,2,,93,1002,D,,,3.0,,2000
00IN01527,1997639483,K9483,63,K9483,97,2,00,1,91,52,007300,677563,7,,,,6,LIM,3,166,0,0,,16,0515,D,,,3.0,ON BACK,2000
00IN01528,1997639484,K9484,63,K9484,97,1,00,1,91,52,007300,677563,7,,DOR,,3,,M,184,213,0,,93,0812,D,,,3.0,"WBC, WHITE",2000
00IN01529,1997639488,K9488,63,K9488,97,1,00,1,91,52,000200,597163,7,,DOR,,1,,M,221,242,0,,,,D,,,3.0,KEMPY (msu),2000
00IN01530,1997639490,K9490,63,K9490,97,2,00,1,91,54,007300,529563,7,,,,3,LIM,3,183,165,13,,93,1002,D,,,3.0,,2000
00IN01531,1997639491,K9491,63,K9491,97,2,00,1,91,54,007300,529563,7,,,,3,LIM,3,148,179,2,,93,1002,D,,,3.0,CONJUNCTIVITI,2000
00IN01532,1997639493,K9493,63,K9493,97,2,00,1,91,53,007300,752963,7,,,,3,LIM,3,160,169,2,,93,1002,D,,,3.0,"ENTR,MSG 3/16",2000
00IN01533,1997639494,K9494,63,K9494,97,2,00,1,91,53,007300,752963,7,,,,3,LIM,3,167,169,2,,93,1002,D,,,3.0,,2000
00IN01534,1997639497,K9497,63,K9497,97,2,00,1,91,52,007400,783663,7,,,,3,LIM,3,182,171,2,,93,1002,D,,,3.0,,2000
00IN01535,1997639498,K9498,63,K9498,97,2,00,1,91,53,007300,652363,7,,,,3,LIM,3,179,165,2,,93,1002,D,,,3.0,,2000
00IN01536,1997639501,K9501,63,K9501,97,2,00,1,91,54,000200,832963,7,,,,3,LIM,3,177,157,2,,93,1002,D,,,3.0,LUMPJAW,2000
00IN01537,1997639503,K9503,63,K9503,97,2,00,1,05,52,802763,498863,0,,CN,,1,,1,202,186,2,,,,H,55,1,3.0,REJECTS 1LAMB,2000
00IN01538,1997639505,K9505,63,K9505,97,2,00,1,91,53,006700,690463,7,,,,7,LIM,3,176,0,0,,97,0929,D,,,3.0,,2000
00IN01539,1997639506,K9506,63,K9506,97,2,00,1,91,53,006700,690463,7,,,,3,LIM,3,160,149,2,,93,1002,D,,,3.0,4TEATS,2000
00IN01540,1997639510,K9510,63,K9510,97,2,00,1,91,54,006700,679763,7,,,,3,LIM,3,185,168,3,,93,1002,D,,,3.0,,2000
00IN01541,1997639511,K9511,63,K9511,97,2,68,1,06,e.5,838163,880863,7,,,,1,LIM,L,149,124,1,X,93,1030,R,06,1,3.0,"X THIN, SICK",2000
00IN01542,1997639520,K9520,63,K9520,97,2,68,1,06,03,780563,781663,7,,,,1,LIM,3,169,178,2,,,,M,07,1,3.0,,2000
00IN01543,1997639521,K9521,63,K9521,97,2,00,1,91,53,007400,524663,7,,,,3,LIM,3,204,195,2,,93,1002,D,,,3.0,,2000
00IN01544,1997639522,K9522,63,K9522,97,2,00,1,91,53,007400,524663,7,,,,3,LIM,3,145,193,2,,93,1002,D,,,3.0,,2000
00IN01545,1997639525,K9525,63,K9525,97,2,68,1,06,e.4,814063,851763,2,,,,3,OVX,*,0,0,0,X,,,M,,,3.0,UT.PROLAPSE,2000
00IN01546,1997639529,K9529,63,K9529,97,2,00,1,05,51,834963,699463,0,,CC,,1,,1,192,197,2,,,,H,55,1,3.0,4TEATS,2000
00IN01547,1997639535,K9535,63,K9535,97,1,68,1,06,01,801863,667963,7,,,,2,132,M,247,288,0,,92,0921,M,,,3.0,,2000
00IN01548,1997639538,K9538,63,K9538,97,2,00,1,91,54,007400,815663,7,,,,3,LIM,3,188,173,2,,93,1002,D,,,3.0,4TEATS,2000
00IN01549,1997639539,K9539,63,K9539,97,1,68,1,06,04,779363,523863,2,,,,3,LIB,*,0,0,0,X,93,0306,M,,,3.0,,2000
00IN01550,1997639549,K9549,63,K9549,97,1,68,1,06,04,779363,790863,7,,,,3,GXE,M,234,281,0,,93,0812,R,,,3.0,,2000
00IN01551,1997639550,K9550,63,K9550,97,2,68,1,06,02,797763,460363,7,,,,1,LIM,3,172,174,2,,,,R,02,1,3.0,4TEATS,2000
00IN01552,1997639554,K9554,63,K9554,97,2,68,1,06,02,797763,626963,7,,,,1,LIM,3,159,153,2,,,,M,03,1,3.0,,2000
00IN01553,1997639556,K9556,63,K9556,97,2,00,1,91,53,006700,667063,7,,,,3,LIM,3,204,197,2,,93,1002,D,,,3.0,,2000
00IN01554,1997639559,K9559,63,K9559,97,2,68,1,06,03,780563,612863,7,,,,1,GXE,1,189,176,2,,,,R,08,1,3.0,"DYSTOCIA,TRT",2000
00IN01555,1997639561,K9561,63,K9561,97,2,68,1,06,01,801863,801363,7,,,,1,GXE,1,208,187,2,,,,R,04,1,3.0,dup9569?,2000
00IN01556,1997639566,K9566,63,K9566,97,2,00,1,05,51,834963,757963,0,,CC,,1,,2,183,167,2,,,,H,55,1,3.0,4TEATS,2000
00IN01557,1997639567,K9567,63,K9567,97,2,68,1,06,03,780563,715963,7,,,,1,LIM,3,173,198,2,,,,M,09,1,3.0,,2000
00IN01558,1997639575,K9575,63,K9575,97,2,68,1,06,e.4,814063,873563,7,,,,1,GXE,1,165,162,2,,,,C,05,1,3.0,,2000
00IN01559,1997639577,K9577,63,K9577,97,2,68,1,06,04,779363,671863,7,,,,1,LIM,L,166,180,2,,,,C,01,1,3.0,4TEATS,2000
00IN01560,1997639587,K9587,63,K9587,97,2,00,1,91,52,007300,603763,7,,,,3,LIM,3,173,160,2,,93,1002,D,,,3.0,,2000
00IN01561,1997639590,K9590,63,K9590,97,2,68,1,06,02,797763,591763,7,,,,1,GXE,1,209,193,2,,,,R,02,1,3.0,,2000
00IN01562,1997639592,K9592,63,K9592,97,1,68,1,06,04,779363,547863,2,,,,3,LIB,*,0,0,0,X,93,0306,R,,,3.0,,2000
00IN01563,1997639602,K9602,63,K9602,97,2,00,1,05,51,834963,815763,0,,CC,,1,,1,172,194,2,,,,H,55,1,3.0,"B1,THIN'99",2000
00IN01564,1997639603,K9603,63,K9603,97,1,00,1,05,51,834963,815763,0,,CC,,1,,M,209,236,0,,,,H,,,3.0,"INPANNIER,CC",2000
00IN01565,1997639605,K9605,63,K9605,97,2,68,1,06,02,797763,794963,7,,,,1,GXE,1,234,206,2,,,,M,03,1,3.0,,2000
00IN01566,1997639606,K9606,63,K9606,97,2,68,1,06,02,797763,794963,7,,,,7,LIM,3,193,0,0,,97,0929,M,,,3.0,,2000
00IN01567,1997639607,K9607,63,K9607,97,2,00,1,91,54,007400,617763,7,,,,3,LIM,3,188,194,2,,93,1002,D,,,3.0,FUZZY,2000
00IN01568,1997639629,K9629,63,K9629,97,2,68,1,06,01,801863,655263,7,,,,1,GXE,1,208,196,2,,,,M,04,1,3.0,4TEATS,2000
00IN01569,1997639632,K9632,63,K9632,97,2,68,1,06,03,780563,816163,7,,,,1,GXE,2,231,197,2,,,,M,06,1,3.0,TRT L EYE '99,2000
00IN01570,1997639643,K9643,63,K9643,97,1,00,1,05,51,834963,556610,0,,CC,,1,,M,230,254,0,,,,H,,,3.0,"homozyg,FAHMY",2000
00IN01571,1997639657,K9657,63,K9657,97,1,68,1,06,04,779363,770063,2,,,,3,LIB,*,0,0,0,X,93,0306,C,,,3.0,Bovis SUSPECT,2000
00IN01572,1997639674,K9674,63,K9674,97,2,68,1,06,04,779363,623863,7,,,,1,GXE,2,209,185,2,,,,M,07,1,3.0,4TEATS,2000
00IN01573,1997639677,K9677,63,K9677,97,2,00,1,05,51,834963,770263,0,,CN,,1,,1,163,168,2,,,,H,55,1,3.0,4TEATS,2000
00IN01574,1997639682,K9682,63,K9682,97,2,68,1,06,03,780563,618963,7,,,,1,LIM,L,163,164,2,,,,R,08,1,3.0,,2000
00IN01575,1997639683,K9683,63,K9683,97,2,68,1,06,03,780563,618963,7,,,,1,GXE,2,208,192,3,,,,R,09,1,3.0,ENTR,2000
00IN01576,1997639688,K9688,63,K9688,97,1,00,1,05,51,834963,678863,0,,CC,,1,,M,200,228,0,,,,H,,,3.0,"ENTR,homozyg,",2000
00IN01577,1997639689,K9689,63,K9689,97,1,68,1,06,01,801863,610963,7,,,,2,131,M,248,282,0,,92,0921,R,,,3.0,BIGBOY    GxE,2000
00IN01578,1997639694,K9694,63,K9694,97,2,68,1,06,04,779363,750963,7,,,,1,LIM,3,178,187,2,,,,M,05,1,3.0,4TEATS,2000
00IN01579,1997639702,K9702,63,K9702,97,2,68,1,06,01,801863,821763,7,,,,1,LIM,L,174,155,2,,,,C,01,1,3.0,,2000
00IN01580,1997639703,K9703,63,K9703,97,2,68,1,06,01,801863,821763,7,,,,U,GXE,2,184,179,2,,,,C,U,A,3.0,RUPTURE XorU,2000
00IN01581,1997639706,K9706,63,K9706,97,2,00,1,05,51,834963,764363,0,,CC,,1,,2,155,161,2,,,,H,55,1,3.0,4TEATS,2000
00IN01582,1997639715,K9715,63,K9715,97,2,68,1,06,e.5,838163,854963,7,,,,1,LIM,L,147,125,1,,,,C,06,1,3.0,,2000
00IN01583,1997639726,K9726,63,K9726,97,2,68,1,06,01,801863,779463,2,,,,3,OVX,*,0,0,0,X,,,C,,,3.0,BARREN,2000
00IN01584,1997639729,K9729,63,K9729,97,2,68,1,06,02,797763,673963,7,,,,1,LIM,3,174,163,2,,,,M,02,1,3.0,,2000
00IN01585,1997639738,K9738,63,K9738,97,1,00,1,05,51,834963,364710,0,,CC,,1,,M,208,243,0,,,,H,,,3.0,"NICE,homozyg,",2000
00IN01586,1997639743,K9743,63,K9743,97,2,68,1,06,03,780563,673063,2,,,,3,OVX,*,0,0,0,X,,,C,,,3.0,LOW PROD.,2000
00IN01587,1997639751,K9751,63,K9751,97,1,00,1,05,51,834963,751863,2,,CN,,3,LIB,*,0,0,0,X,93,0306,H,,,3.0,KILL/HYDRO?,2000
00IN01588,1997639769,K9769,63,K9769,97,2,68,1,06,04,779363,693763,7,,,,1,GXE,1,214,206,5,,,,M,07,1,3.0,,2000
00IN01589,1997639773,K9773,63,K9773,97,2,68,1,06,04,779363,806763,7,,,,6,GXE,*,0,0,0,,15,0421,C,,,3.0,SPINAL INJURY,2000
00IN01590,1997639789,K9789,63,K9789,97,2,68,1,06,02,797763,738763,7,,,,1,LIM,L,191,182,1,,,,R,03,1,3.0,,2000
00IN01591,1997639792,K9792,63,K9792,97,2,68,1,06,03,780563,750363,7,,,,3,LIM,3,164,133,1,,93,1002,C,,,3.0,X SICK,2000
00IN01592,1997639800,K9800,63,K9800,97,2,68,1,06,e.5,838163,904263,7,,,,7,LIM,*,0,0,0,,97,0316,M,,,3.0,MSG 3/16/00,2000
00IN01593,1997639805,K9805,63,K9805,97,2,68,1,06,03,780563,567863,7,,,,1,GXE,1,201,188,2,,,,M,08,1,3.0,4TEATS,2000
00IN01594,1997639806,K9806,63,K9806,97,2,68,1,06,01,801863,679563,7,,,,1,LIM,L,186,175,5,,,,C,04,1,3.0,,2000
00IN01595,1997639817,K9817,63,K9817,97,2,68,1,06,04,779363,720163,7,,,,1,LIM,3,160,170,2,,10,1207,R,09,1,3.0,,2000
00IN01596,1997639833,K9833,63,K9833,97,2,00,1,05,51,834963,710163,0,,CC,,U,,1,158,162,11,,,,H,U,A,3.0,"MASTITIS, L.",2000
00IN01597,1997639834,K9834,63,K9834,97,2,00,1,05,51,834963,710163,0,,CC,,U,,1,161,160,2,,,,H,U,A,3.0,RECTAL PRO. X,2000
00IN01598,1997639843,K9843,63,K9843,97,2,68,1,06,e.4,814063,870563,7,,,,1,LIM,3,169,164,2,,,,M,05,1,3.0,,2000
00IN01599,1997639847,K9847,63,K9847,97,2,68,1,06,e.5,838163,855863,7,,,,6,GXE,*,0,0,0,,70,0322,M,,,3.0,GRAIN ??,2000
00IN01600,1997639848,K9848,63,K9848,97,2,68,1,06,03,780563,788563,7,,,,1,LIM,3,161,153,2,,,,C,06,1,3.0,?msg 07/15,2000
00IN01601,1997639860,K9860,63,K9860,97,2,68,1,06,02,797763,749863,7,,,,1,GXE,2,211,189,2,,,,C,01,1,3.0,4TEATS,2000
00IN01602,1997639864,K9864,63,K9864,97,2,68,1,06,01,801863,737863,7,,,,1,GXE,2,197,184,3,,,,M,02,1,3.0,BIG BAG,2000
00IN01603,1997639872,K9872,63,K9872,97,2,68,1,06,03,780563,460563,7,,,,1,LIM,3,181,169,2,,,,M,05,1,3.0,NICE,2000
00IN01604,1997639879,K9879,63,K9879,97,2,00,1,05,51,834963,369210,0,,CN,,1,,1,179,163,2,,,,H,52,1,3.0,4TEATS,2000
00IN01605,1997639884,K9884,63,K9884,97,1,68,1,06,01,801863,712963,7,,,,3,GXE,M,269,307,0,,93,0812,C,,,3.0,FIX BIG TAG**,2000
00IN01606,1997639895,K9895,63,K9895,97,2,68,1,06,01,801863,759263,7,,,,1,GXE,2,232,197,2,,,,M,03,1,3.0,BIG,2000
00IN01607,1997639909,K9909,63,K9909,97,2,68,1,06,e.5,838163,919063,7,,,,1,LIM,3,162,179,2,,,,C,04,1,3.0,EMACIATED'99,2000
00IN01608,1997639919,K9919,63,K9919,97,2,00,1,05,52,802763,631263,0,,CN,,1,,2,203,194,2,,,,H,51,1,3.0,NICE,2000
00IN01609,1997639920,K9920,63,K9920,97,2,00,1,05,52,802763,732063,0,,CN,,1,,2,190,179,2,,,,H,53,1,3.0,,2000
00IN01610,1997639922,K9922,63,K9922,97,2,00,1,05,53,765663,591563,0,,CN,,1,,1,177,172,2,X,93,1030,H,52,1,3.0,X ABS. JAW,2000
00IN01611,1997639941,K9941,63,K9941,97,2,00,1,05,54,724463,623363,0,,CN,,6,,*,0,0,0,,89,0404,H,,,3.0,"DOWN,KETOSIS",2000
00IN01612,1997639964,K9964,63,K9964,97,2,00,1,05,52,802763,549363,0,,CN,,1,,H,164,151,2,,,,H,54,1,3.0,DYSTOCIA,2000
00IN01613,1997639967,K9967,63,K9967,97,2,00,1,05,e22,783863,908463,2,,C?,,6,OVX,*,0,0,0,X,01,0801,H,,,3.0,X C? NOEL.,2000
00IN01614,1997639969,K9969,63,K9969,97,2,00,1,05,52,802763,764063,0,,CN,,1,,1,220,204,2,,,,H,55,1,3.0,HAIRY,2000
00IN01615,1997639991,K9991,63,K9991,97,1,00,1,05,e22,783863,891263,0,,CC,,1,,M,188,221,0,,,,H,,,3.0,"CC,homozygous",2000
00IN01616,1997639992,K9992,63,K9992,97,1,00,1,05,e22,783863,907763,0,,CC,,1,,M,237,265,0,,,,H,,,3.0,"CC,homozygous",2000
00IN01617,1992038658,L8658,03,L8658,92,2,82,1,30,P26,554903,922302,2,,,1,3,OVX,*,0,0,0,X,,,,,,8.0,"OVX,1TAG",2000
00IN01618,1992038725,L8725,03,L8725,92,2,82,1,30,p22,519103,723203,0,,,1,3,,2,191,155,2,,93,1002,C,,,8.0,,2000
00IN01619,1992038736,L8736,03,L8736,92,2,80,1,30,p01,477503,652903,2,,,1,3,OVX,*,0,0,0,X,,,,,,8.0,OVX.EWE,2000
00IN01620,1992039102,L9102,03,L9102,92,2,81,1,30,P14,534703,360003,0,,,1,3,,2,177,155,4,,93,1002,M,,,8.0,TRY3 1998 yes,2000
00IN01621,1992039296,L9296,03,L9296,92,2,80,1,30,P01,491703,359803,2,,,1,3,OVX,*,0,0,0,X,,,,,,8.0,OVX.EWE,2000
00IN01622,1992039386,L9386,03,L9386,92,2,73,2,30,723,625703,274403,2,,,1,3,OVX,*,0,0,0,X,95,1102,,,,7.5,NEW OVX,2000
00IN01623,1992039594,L9594,03,L9594,92,2,73,2,30,354,446003,165903,2,,,1,3,OVX,*,0,0,0,X,,,,,,7.5,OVX,2000
00IN01624,1992039623,L9623,03,L9623,92,2,73,2,30,724,632803,174603,2,,,1,6,OVX,*,0,0,0,X,01,0918,,,,7.5,NEW OVX,2000
00IN01625,1993039681,L9681,03,L9681,93,2,82,1,30,64,732403,396003,0,,,,3,,H,146,150,9,,93,1002,C,,,7.0,X THIN OPP CL,2000
00IN01626,1993039685,L9685,03,L9685,93,2,81,1,30,P03,678403,549903,0,,,,3,,2,154,0,0,,93,0710,M,,,7.0,"LUNGER,OPP",2000
00IN01627,1993039743,L9743,03,L9743,93,2,81,1,30,P02,760003,574303,0,,,,U,,5,176,186,1,,,,M,U,A,7.0,,2000
00IN01628,1993039746,L9746,03,L9746,93,2,81,1,30,P01,687403,508003,2,,,,3,OVX,*,0,0,0,X,,,,,,7.0,ENTR low prod,2000
00IN01629,1993039813,L9813,03,L9813,93,2,TT,1,30,R-0,000003,661303,2,,,,3,OVX,*,0,0,0,X,,,,,,7.0,NEW OVX,2000
00IN01630,1993039825,L9825,03,L9825,93,2,TT,1,30,R-0,000003,469303,2,,,,3,OVX,*,0,0,0,X,95,1102,,,,7.0,"NEW OVX, PINK",2000
00IN01631,1993039835,L9835,03,L9835,93,2,TT,1,30,R-0,000003,342903,2,,,,3,OVX,*,0,0,0,X,,,,,,7.0,NEW OVX,2000
00IN01632,1993039845,L9845,03,L9845,93,2,82,1,30,66,677303,516703,0,,,,3,,2,200,172,2,,93,1002,C,,,7.0,LUNGER,2000
00IN01633,1993039856,L9856,03,L9856,93,2,81,1,30,P03,678403,674803,0,,,,6,,*,0,0,0,,01,0207,M,,,7.0,SW.BAG,2000
00IN01634,1993039863,L9863,03,L9863,93,2,81,1,30,P01,687403,092603,0,,,,2, 93,2,198,179,3,,92,0921,M,,,7.0,R BLOODY MILK,2000
00IN01635,1993039884,L9884,03,L9884,93,2,82,1,30,68,780303,673303,0,,,,U,,1,161,153,3,,,,C,U,A,7.0,FAT,2000
00IN01636,1993039905,L9905,03,L9905,93,2,81,1,30,P03,678403,215903,0,,,,6,,5,129,0,0,,16,0902,M,,,7.0,ON BACK,2000
00IN01637,1993039937,L9937,03,L9937,93,2,TT,1,30,R-0,000003,252003,2,,,,3,OVX,*,0,0,0,X,,,,,,7.0,NEW OVX,2000
00IN01638,1993039966,L9966,03,L9966,93,2,81,1,30,P04,684903,226903,0,,,,2, 93,1,200,176,2,,92,0921,M,,,7.0,,2000
00IN01639,1993039968,L9968,03,L9968,93,2,82,1,30,65,687203,669703,0,,,,3,,2,168,139,2,,93,1002,C,,,7.0,JUNKY,2000
00IN01640,1993039980,L9980,03,L9980,93,2,81,1,30,P01,687403,939602,0,,,,2, 93,1,176,166,2,,92,0921,M,,,7.0,,2000
00IN01641,1992102328,S2328,10,S2328,92,2,18,1,42,R15,062110,689419,2,,,,3,OVX,*,0,0,0,X,,,,,,8.0,OVX,2000
00IN01642,1992103042,S3042,10,S3042,92,2,12,1,07,R11,042310,830219,0,,,,3,,2,208,171,2,,93,1002,C,,,8.0,"THIN,SLOW",2000
00IN01643,1992103104,S3104,10,S3104,92,2,12,1,07,R12,040710,720819,0,,,,U,,1,176,172,4,,,,C,U,A,8.0,RP,2000
00IN01644,1992103186,S3186,10,S3186,92,2,10,1,07,r-1,098810,139710,0,,,,U,,1,153,160,3,,,,M,U,A,8.0,,2000
00IN01645,1992103258,S3258,10,S3258,92,2,18,1,07,r-4,097510,153110,2,,,,3,OVX,*,0,0,0,X,,,,,,8.0,OVX,2000
00IN01646,1993103558,S3558,10,S3558,93,2,00,1,08, 35,0290,162210,0,,CN,,U,,2,167,154,2,,,,H,U,A,7.0,RP,2000
00IN01647,1993103574,S3574,10,  512,93,2,18,1,07, 42,1958TX,846719,7,,,,3,LIM,3,177,183,2,,93,1002,,,,7.0,,2000
00IN01648,1993103601,S3601,10,S3601,93,2,00,1,08, 36,2009,784619,0,,CN,,3,,1,159,0,0,,93,0710,H,,,7.0,MASTITIS 6/00,2000
00IN01649,1993103607,S3607,10,S3607,93,2,18,1,07, 41,6139TX,865719,7,,,,U,LIM,3,193,187,2,,,,c,U,A,7.0,,2000
00IN01650,1993103647,S3647,10,S3647,93,2,00,1,08, 35,0290,203210,0,,CN,,6,,*,0,0,0,,09,0405,H,,,7.0,"RUPTURE,DEAD",2000
00IN01651,1993103692,S3692,10,S3692,93,2,00,1,08,208,2008,907819,0,,CN,,3,,2,191,175,22,,93,1002,H,,,7.0,10BUTT,2000
00IN01652,1993103757,S3757,10,S3757,93,2,00,1,08,338,0338,046310,0,,CN,,U,,2,177,144,2,,,,H,U,A,7.0,,2000
00IN01653,1993103836,S3836,10,  577,93,2,18,1,07,  4,097510,963919,7,,,,U,LIM,3,183,157,2,,,,,U,A,7.0,"OLD59,NEW577",2000
00IN01654,1993103837,S3837,10,S3837,93,2,18,1,07,  4,097510,963919,7,,,,6,LIM,3,169,140,2,,66,0929,,,,7.0,"CANCER, KILL",2000
00IN01655,1993103907,S3907,10,S3907,93,2,00,1,08, 37,2010,814719,0,,CN,,U,,1,184,177,2,,,,H,U,A,7.0,,2000
00IN01656,1993103921,S3921,10,  578,93,2,18,1,07,  3,127310,957519,7,,,,U,LIM,3,157,163,2,,,,,U,A,7.0,"OLD38,NEW578",2000
00IN01657,1993103935,S3935,10, 2076,93,2,18,1,07, 42,1958TX,937619,7,,,,U,LIM,3,193,175,2,,,,,U,A,7.0,LAME RR 52094,2000
00IN01658,1993103952,S3952,10, 4605,93,2,18,1,07,  4,097510,887419,7,,,,U,LIM,3,160,177,2,,,,,U,A,7.0,JAW OK,2000
00IN01659,1993103964,S3964,10, 5115,93,2,18,1,07,  2,167710,019610,7,,,,U,LIM,3,159,146,2,,,,,U,A,7.0,,2000
00IN01660,1993103970,S3970,10,S3970,93,2,10,1,43, 42,1958TX,210010,0,,,,U,,1,148,153,2,,,,M,U,A,7.0,CUT BELLY,2000
00IN01661,1993103977,S3977,10, 2041,93,2,18,1,07,  2,167710,962419,7,,,,3,LIM,3,162,142,3,,93,1002,,,,7.0,"LAME,LR,4/99",2000
00IN01662,1993104002,S4002,10,S4002,93,2,18,1,07,  5,149710,169210,7,,,,U,LIM,3,171,150,2,,,,,U,A,7.0,,2000
00IN01663,1993104011,S4011,10,S4011,93,2,18,1,07,  1,175010,171210,7,,,,U,LIM,3,166,156,2,,,,,U,A,7.0,,2000
00IN01664,1993104014,S4014,10, 5045,93,2,18,1,07,  3,127310,989819,7,,,,U,LIM,3,181,163,2,,,,,U,A,7.0,,2000
00IN01665,1993104045,S4045,10,S4045,93,2,18,1,07,  2,167710,982819,7,,,,U,LIM,3,162,141,3,,,,,U,A,7.0,"OUT,GIMP?",2000
00IN01666,1993104047,S4047,10,S4047,93,2,18,1,07,  1,175010,690819,7,,,,U,LIM,3,163,148,3,,,,h,U,A,7.0,,2000
00IN01667,1993104064,S4064,10,  542,93,2,18,1,07,  4,097510,896019,7,,,,U,LIM,3,153,135,3,,,,,U,A,7.0,,2000
00IN01668,1993104110,S4110,10, 1509,93,2,18,1,07,  2,167710,135410,2,,,,3,OVX,*,0,0,0,X,95,1102,,,,7.0,OVX.,2000
00IN01669,1993104114,S4114,10, 2540,93,2,18,1,07,  3,127310,814619,7,,,,U,LIM,3,165,144,2,,,,,U,A,7.0,SHED LAMBED95,2000
00IN01670,1993104147,S4147,10,S4147,93,2,18,1,07,  1,175010,016210,7,,,,U,LIM,5,153,180,2,,,,,U,A,7.0,,2000
00IN01671,1993104185,S4185,10, 4583,93,2,18,1,07,  3,127310,866619,7,,,,7,LIM,3,152,0,0,,97,0929,,,,7.0,,2000
00IN01672,1993104206,S4206,10, 2063,93,2,18,1,07,  4,097510,995419,7,,,,U,LIM,3,163,162,2,,,,,U,A,7.0,FIX BIG TAG**,2000
00IN01673,1993104294,S4294,10,S4294,93,2,18,2,07,103,127310,857819,2,,,,7,OVX,*,0,0,0,X,97,0308,,,,6.5,BARREN,2000
00IN01674,1993104295,S4295,10,S4295,93,2,18,2,07,103,127310,857819,7,,,,U,LIM,3,156,136,2,,,,h,U,A,6.5,BIG NAVEL,2000
00IN01675,1993104300,S4300,10,S4300,93,2,18,2,07,103,127310,858319,7,,,,U,LIM,3,187,149,3,,,,h,U,A,6.5,"OUT,THIN",2000
00IN01676,1993104384,S4384,10,S4384,93,2,18,2,07,102,124810,122310,7,,,,6,LIM,3,203,0,0,,43,0520,c,,,6.5,"DYSTOCIA,DEAD",2000
00IN01677,1994104396,S4396,10,S4396,94,2,12,1,07,91,320410,803719,0,,,,6,,1,175,0,0,,01,0801,C,,,6.0,,2000
00IN01678,1994104398,S4398,10,S4398,94,2,11,1,07,21,231510,032810,0,,,,3,,2,170,165,4,,93,1002,R,,,6.0,"SW.BAG,GOOD",2000
00IN01679,1994104435,S4435,10,S4435,94,2,11,1,07,22,310210,333510,0,,,,6,,*,0,0,0,,01,0207,R,,,6.0,FLTS,2000
00IN01680,1994104438,S4438,10,S4438,94,2,13,1,42,34,272110,928619,0,,,,1,,1,186,160,2,,,,F,32,1,6.0,ABS BUTT TRT,2000
00IN01681,1994104439,S4439,10,S4439,94,2,13,1,42,33,1958TX,047010,0,,,,1,,1,181,180,2,,,,F,31,1,6.0,L.QTR ok,2000
00IN01682,1994104459,S4459,10,S4459,94,2,12,1,07,89,314210,145810,0,,,,1,,1,164,162,2,,,,C,82,1,6.0,4TEATS,2000
00IN01683,1994104474,S4474,10,S4474,94,2,11,1,07,22,310210,202510,0,,,,1,,1,164,155,3,,,,R,12,1,6.0,LIMP 8.9,2000
00IN01684,1994104478,S4478,10,S4478,94,2,11,1,42,24,235810,077410,0,,,,3,,1,183,170,4,,93,1002,R,,,6.0,VLTS,2000
00IN01685,1994104481,S4481,10,S4481,94,2,11,1,07,23,274910,169010,0,,,,3,,1,172,157,3,,93,1002,R,,,6.0,BIG SW.BAG,2000
00IN01686,1994104485,S4485,10,S4485,94,2,12,1,42,89,314210,064110,0,,,,1,,1,160,157,2,,,,C,83,1,6.0,,2000
00IN01687,1994104501,S4501,10,S4501,94,2,13,1,42,34,272110,061010,0,,,,1,,2,167,159,2,,,,F,32,1,6.0,4TEATS,2000
00IN01688,1994104517,S4517,10,S4517,94,2,10,1,07,43,240810,074510,0,,,,1,,1,178,185,2,,12,1018,M,21,1,6.0,ENTR,2000
00IN01689,1994104557,S4557,10,S4557,94,2,11,1,07,21,231510,142410,0,,,,1,,1,158,180,2,,,,R,13,1,6.0,DEPRESSED,2000
00IN01690,1994104560,S4560,10,S4560,94,2,10,1,07,41,324010,318610,0,,,,1,,1,161,151,2,,,,M,22,1,6.0,,2000
00IN01691,1994104566,S4566,10,S4566,94,2,13,1,42,31,263010,198910,0,,,,1,,1,162,174,2,,,,F,33,1,6.0,THIN,2000
00IN01692,1994104592,S4592,10,S4592,94,2,10,1,07,42,257610,084510,0,,,,1,,H,147,154,2,,,,M,21,1,6.0,GOOD,2000
00IN01693,1994104616,S4616,10,S4616,94,2,12,1,07,91,320410,081010,0,,,,3,,2,177,174,4,,93,1002,C,,,6.0,,2000
00IN01694,1994104619,S4619,10,S4619,94,2,12,1,07,84,327310,035010,0,,,,3,,1,165,162,9,,93,1002,C,,,6.0,BAD SW.BAG,2000
00IN01695,1994104640,S4640,10,S4640,94,2,12,1,43,82,235210,315710,0,,,,1,,1,190,175,4,,,,C,88,1,6.0,,2000
00IN01696,1994104657,S4657,10,S4657,94,2,13,1,42,31,263010,205510,2,,,,3,OVX,*,0,0,0,X,,,,,,6.0,OVX,2000
00IN01697,1994104668,S4668,10,S4668,94,2,11,1,07,21,231510,035710,0,,,,3,,K,185,181,1,,93,1002,R,,,6.0,"SW.BAG,LTS X",2000
00IN01698,1994104669,S4669,10,S4669,94,2,13,1,42,34,272110,917419,0,,,,U,,1,186,172,2,,,,F,U,A,6.0,R.P.,2000
00IN01699,1994104671,S4671,10,S4671,94,2,11,1,07,23,274910,067510,0,,,,1,,2,165,156,2,,,,R,14,1,6.0,,2000
00IN01700,1994104680,S4680,10,S4680,94,2,13,1,42,34,272110,087510,0,,,,1,,1,170,174,2,,,,F,34,1,6.0,,2000
00IN01701,1994104688,S4688,10,S4688,94,2,13,1,42,31,263010,133310,0,,,,1,,1,165,168,2,,,,F,32,1,6.0,LTS,2000
00IN01702,1994104694,S4694,10,S4694,94,2,12,1,07,81,234910,071510,0,,,,1,,2,158,144,3,,,,C,84,1,6.0,SW.BAG,2000
00IN01703,1994104703,S4703,10,S4703,94,2,12,1,07,84,327310,164510,0,,,,1,,1,222,211,2,,,,C,85,1,6.0,FIX BIG TAGoo,2000
00IN01704,1994104709,S4709,10,S4709,94,2,10,1,07,43,240810,965419,0,,,,1,,1,165,161,2,,,,M,22,1,6.0,,2000
00IN01705,1994104713,S4713,10,S4713,94,2,13,1,42,34,272110,101610,0,,,,1,,1,156,163,2,,,,F,31,1,6.0,"SW.BAG,FLTS",2000
00IN01706,1994104715,S4715,10,S4715,94,2,11,1,43,23,274910,265410,0,,,,U,,1,203,179,3,,95,1211,R,U,A,6.0,,2000
00IN01707,1994104717,S4717,10,S4717,94,2,12,1,07,80,6139TX,045210,0,,,,1,,2,180,186,2,,,,C,87,1,6.0,ENTR,2000
00IN01708,1994104721,S4721,10,S4721,94,2,12,1,07,86,279310,322010,0,,,,1,,1,199,168,2,,,,C,86,1,6.0,SW.BAG,2000
00IN01709,1994104745,S4745,10,S4745,94,2,12,1,07,81,234910,158910,0,,,,1,,1,153,141,2,,,,C,89,1,6.0,2EYES TRT,2000
00IN01710,1994104754,S4754,10,S4754,94,2,13,1,07,33,1958TX,092210,0,,,,1,,1,187,180,3,,,,F,33,1,6.0,SW.BAG,2000
00IN01711,1994104784,S4784,10,S4784,94,2,13,1,42,31,263010,001110,0,,,,1,,1,160,169,2,,,,F,33,1,6.0,,2000
00IN01712,1994104792,S4792,10,S4792,94,2,12,1,41,85,275310,037410,0,,,,1,,2,150,150,2,,,,C,90,1,6.0,SUCK1SIDE,2000
00IN01713,1994104801,S4801,10,S4801,94,2,10,1,07,41,324010,080210,0,,,,1,,1,166,165,2,,,,M,23,1,6.0,SW.BAG,2000
00IN01714,1994104810,S4810,10,S4810,94,2,11,1,07,21,231510,814719,0,,,,3,,H,153,149,2,,93,1002,R,,,6.0,"THIN,DOWN",2000
00IN01715,1994104817,S4817,10,S4817,94,2,10,1,42,42,257610,036610,2,,,,3,OVX,*,0,0,0,X,,,M,,,6.0,"X,FIBERY",2000
00IN01716,1994104821,S4821,10,S4821,94,2,12,1,42,85,275310,194310,0,,,,1,,2,167,162,2,,,,C,91,1,6.0,"SW.BAG,FLTS",2000
00IN01717,1994104822,S4822,10,S4822,94,2,12,1,42,85,275310,194310,0,,,,1,,1,152,143,2,,,,C,80,1,6.0,,2000
00IN01718,1994104826,S4826,10,S4826,94,2,10,1,43,41,324010,144910,0,,,,1,,1,159,156,2,,,,M,24,1,6.0,,2000
00IN01719,1994104828,S4828,10,S4828,94,2,11,1,07,24,235810,867319,0,,,,1,,2,166,171,2,,,,R,13,1,6.0,ENTR,2000
00IN01720,1994104833,S4833,10,S4833,94,2,10,1,42,44,264610,043910,0,,,,U,,5,166,188,1,,,,M,U,A,6.0,,2000
00IN01721,1994104840,S4840,10,S4840,94,2,11,1,07,23,274910,295010,0,,,,3,,1,157,158,4,,93,1002,R,,,6.0,"LT,SUCK1SIDE",2000
00IN01722,1994104850,S4850,10,S4850,94,2,11,1,07,23,274910,160710,0,,,,6,,*,0,0,0,,50,0202,R,,,6.0,ABS.L.SHOU.,2000
00IN01723,1994104865,S4865,10,S4865,94,2,12,1,07,80,6139TX,837319,0,,,,6,,2,184,0,0,,05,0705,C,,,6.0,,2000
00IN01724,1994104868,S4868,10,S4868,94,2,13,1,07,33,1958TX,140910,0,,,,3,,2,165,160,12,,93,1002,F,,,6.0,,2000
00IN01725,1994104876,S4876,10,S4876,94,2,12,1,07,81,234910,132710,0,,,,1,,1,192,189,4,,,,C,81,1,6.0,,2000
00IN01726,1994104885,S4885,10,S4885,94,2,10,1,42,43,240810,060810,0,,,,1,,1,169,171,3,,,,M,22,1,6.0,TAG in MIXPEN,2000
00IN01727,1994104886,S4886,10,S4886,94,2,10,1,07,42,257610,973919,0,,,,1,,1,149,144,2,,,,M,21,1,6.0,,2000
00IN01728,1994104909,S4909,10,S4909,94,2,12,1,07,83,255210,163710,0,,,,6,,*,0,0,0,,54,0310,C,,,6.0,4TEATS,2000
00IN01729,1994104924,S4924,10,S4924,94,2,12,1,07,86,279310,165210,0,,,,3,,X,0,0,0,,93,0612,C,,,6.0,"SW.BAG,LUNGER",2000
00IN01730,1994104959,S4959,10,S4959,94,2,11,1,07,23,274910,962919,0,,,,U,,2,167,136,3,,,,R,U,A,6.0,"SW.BAG,1SIDED",2000
00IN01731,1994104960,S4960,10,S4960,94,2,11,1,07,23,274910,962919,2,,,,3,OVX,*,0,0,0,X,,,R,,,6.0,X L.SPOILED,2000
00IN01732,1994104963,S4963,10,S4963,94,2,10,1,42,44,264610,958119,0,,,,1,,1,163,167,2,,,,M,23,1,6.0,,2000
00IN01733,1994104970,S4970,10,S4970,94,2,11,1,43,23,274910,237910,0,,,,7,,2,198,0,0,,97,0915,R,,,6.0,4TEATS,2000
00IN01734,1994105002,S5002,10,S5002,94,2,11,1,42,23,274910,052710,0,,,,1,,2,151,152,2,,,,R,12,1,6.0,SUCK1SIDE,2000
00IN01735,1994105009,S5009,10,S5009,94,2,11,1,07,21,231510,870519,0,,,,1,,2,173,170,2,,,,R,13,1,6.0,,2000
00IN01736,1994105010,S5010,10,S5010,94,2,13,1,43,33,1958TX,245110,0,,,,1,,2,159,162,4,,,,F,31,1,6.0,,2000
00IN01737,1994105031,S5031,10,S5031,94,2,11,1,42,22,310210,078410,0,,,,1,,1,192,178,2,,,,R,14,1,6.0,BIG BAG,2000
00IN01738,1994105034,S5034,10,S5034,94,2,10,1,07,42,257610,139110,0,,NN,,1,,1,165,151,2,,,,M,51,1,6.0,DYSTOCIA,2000
00IN01739,1994105042,S5042,10,S5042,94,2,13,1,42,31,263010,086810,0,,,,1,,1,187,193,3,,,,F,32,1,6.0,SW.BAG,2000
00IN01740,1994105088,S5088,10,S5088,94,2,12,1,41,90,274710,064410,0,,,,1,,1,148,149,2,,,,C,82,1,6.0,LTS,2000
00IN01741,1994105111,S5111,10,S5111,94,2,10,1,07,41,324010,973719,0,,,,1,,1,184,178,3,,,,M,24,1,6.0,,2000
00IN01742,1994105119,S5119,10,S5119,94,2,12,1,07,88,296410,088010,0,,,,1,,1,173,154,2,,,,C,83,1,6.0,,2000
00IN01743,1994105137,S5137,10,S5137,94,2,12,1,42,87,284810,038910,0,,,,1,,1,141,135,2,,,,C,84,1,6.0,,2000
00IN01744,1994105144,S5144,10,S5144,94,2,10,1,07,43,240810,206410,0,,,,1,,1,168,170,2,,,,M,22,1,6.0,,2000
00IN01745,1994105153,S5153,10,S5153,94,2,10,1,42,43,240810,048410,0,,,,1,,1,196,198,3,,,,M,23,1,6.0,,2000
00IN01746,1994105163,S5163,10,S5163,94,2,10,1,42,41,324010,049310,0,,,,3,,H,164,165,2,,93,1002,M,,,6.0,X ABSCESSNECK,2000
00IN01747,1994105164,S5164,10,S5164,94,2,10,1,42,44,264610,262310,0,,,,1,,1,196,190,2,,,,M,24,1,6.0,SM BAG,2000
00IN01748,1994105178,S5178,10,S5178,94,2,12,1,41,85,275310,052310,0,,,,U,,3,168,143,3,,,,C,U,A,6.0,SW.BAG,2000
00IN01749,1994105210,S5210,10,S5210,94,2,12,1,42,88,296410,041610,0,,NN,,1,,1,191,184,2,,,,C,53,1,6.0,4TEATS,2000
00IN01750,1994105228,S5228,10,S5228,94,2,13,1,42,32,304810,047610,2,,,,3,OVX,*,0,0,0,X,,,,,,6.0,OVX,2000
00IN01751,1994105230,S5230,10,S5230,94,2,12,1,42,88,296410,059910,0,,,,1,,1,161,154,2,,,,C,85,1,6.0,4TEATS,2000
00IN01752,1994105246,S5246,10,S5246,94,2,13,1,42,34,272110,206110,0,,,,1,,1,193,175,2,,,,F,34,1,6.0,HAIRY,2000
00IN01753,1994105254,S5254,10,S5254,94,2,12,1,42,91,320410,068810,0,,NN,,1,,1,177,171,2,,,,C,54,1,6.0,ENTR,2000
00IN01754,1994105288,S5288,10,S5288,94,2,10,1,07,41,324010,075410,0,,,,1,,1,192,172,3,,,,M,21,1,6.0,VLTS,2000
00IN01755,1994105305,S5305,10,S5305,94,2,12,1,42,90,274710,151310,0,,,,1,,2,173,161,2,,04,1003,C,86,1,6.0,FLTS,2000
00IN01756,1994105309,S5309,10,S5309,94,2,ch,1,31,-0,686803,217810,2,,NN,,1,,1,230,198,3,,,,h,BF,3,6.0,BAD SW.BAG,2000
00IN01757,1994105312,S5312,10,S5312,94,2,10,1,07,41,324010,257910,0,,,,1,,1,201,182,2,,,,M,22,1,6.0,DYSTOCIA 96,2000
00IN01758,1994105323,S5323,10,S5323,94,2,ch,1,07,-0,104810,227710,2,,,,1,,2,159,153,3,,,,h,BF,3,6.0,SUCK1SIDE,2000
00IN01759,1994105326,S5326,10,S5326,94,2,10,1,07,42,257610,882619,0,,,,6,,1,167,0,0,,04,0808,M,,,6.0,,2000
00IN01760,1994105328,S5328,10,S5328,94,2,ch,1,31,-2,686803,338810,2,,NN,,1,,2,188,174,3,,,,h,BF,3,6.0,ABS.NECK,2000
00IN01761,1994105329,S5329,10,S5329,94,2,ch,1,31,-0,686803,224010,2,,NN,,3,,1,184,179,4,,93,1002,h,,,6.0,"SW.BAG,LTS",2000
00IN01762,1994105332,S5332,10,S5332,94,2,ch,1,07,-2,187810,339610,7,,,,U,LIM,3,159,164,2,,,,c,U,A,6.0,,2000
00IN01763,1995105512,S5512,10,S5512,95,2,13,1,43, 41,346010,161410,0,,,,3,,2,175,163,3,,93,1002,F,,,5.0,"HUGE BAG,FLTS",2000
00IN01764,1995105524,S5524,10,S5524,95,2,12,1,07, 90,279310,317610,0,,,,1,,1,203,185,2,,,,C,87,1,5.0,ABS.R.SHOU.,2000
00IN01765,1995105531,S5531,10,S5531,95,2,10,1,43, 21,354710,401210,0,,,,1,,1,171,186,2,,,,M,21,1,5.0,,2000
00IN01766,1995105532,S5532,10,S5532,95,2,11,1,07, 32,235910,957419,0,,,,1,,1,221,199,2,,,,R,11,1,5.0,,2000
00IN01767,1995105534,S5534,10,S5534,95,2,12,1,43, 80,1574TX,227910,0,,,,1,,2,145,134,2,,,,C,88,1,5.0,,2000
00IN01768,1995105536,S5536,10,S5536,95,2,11,1,07, 31,231510,065710,0,,,,1,,2,159,152,3,,,,R,12,1,5.0,ENTR,2000
00IN01769,1995105552,S5552,10,S5552,95,2,11,1,07, 31,231510,867319,0,,,,1,,1,157,152,2,,,,R,13,1,5.0,DYSTOCIA,2000
00IN01770,1995105562,S5562,10,S5562,95,2,10,1,07, 24,258510,079410,0,,,,1,,1,212,182,2,,,,M,23,1,5.0,LTS,2000
00IN01771,1995105566,S5566,10,S5566,95,2,00,1,05, 51,679663,394110,0,,CC,,1,,1,171,163,2,,,,H,54,1,5.0,LTS,2000
00IN01772,1995105572,S5572,10,S5572,95,2,11,1,42, 34,256710,050910,0,,,,1,,1,159,152,2,,,,R,11,1,5.0,WOUND R SHOU,2000
00IN01773,1995105573,S5573,10,S5573,95,2,11,1,42, 34,256710,050910,0,,,,1,,1,174,162,2,,,,R,12,1,5.0,"4TEATS,FEVER",2000
00IN01774,1995105584,S5584,10,S5584,95,2,10,1,07, 22,314210,204910,0,,,,3,,H,170,152,1,,93,1002,M,,,5.0,"LAME,LF,OUT",2000
00IN01775,1995105612,S5612,10,S5612,95,2,12,1,42, 81,6139TX,045610,0,,,,1,,2,170,154,5,,,,C,90,1,5.0,ENTR,2000
00IN01776,1995105616,S5616,10,S5616,95,2,12,1,43, 86,328610,310410,0,,NN,,1,,1,174,166,2,,,,C,51,1,5.0,,2000
00IN01777,1995105630,S5630,10,S5630,95,2,12,1,42, 82,254510,163710,0,,,,1,,1,189,184,2,,,,C,89,1,5.0,"4TEATS,FEVER",2000
00IN01778,1995105636,S5636,10,S5636,95,2,10,1,07, 21,354710,973919,0,,,,U,,5,180,190,1,,95,1211,M,U,A,5.0,,2000
00IN01779,1995105650,S5650,10,S5650,95,2,13,1,07, 41,346010,283110,0,,,,U,,1,165,155,11,,95,1211,F,U,A,5.0,,2000
00IN01780,1995105651,S5651,10,S5651,95,2,13,1,07, 41,346010,283110,0,,NN,,1,,1,165,160,3,,,,F,53,1,5.0,,2000
00IN01781,1995105655,S5655,10,S5655,95,2,13,1,07, 41,346010,133310,0,,,,1,,1,170,163,4,,,,F,34,1,5.0,,2000
00IN01782,1995105658,S5658,10,S5658,95,2,10,1,07, 21,354710,153310,0,,,,6,,*,0,0,0,,76,0421,M,,,5.0,URI,2000
00IN01783,1995105663,S5663,10,S5663,95,2,12,1,43, 87,284810,173510,0,,,,3,,X,0,0,0,,93,0612,C,,,5.0,"THIN,POOR",2000
00IN01784,1995105666,S5666,10,S5666,95,2,12,1,42, 82,254510,964319,0,,,,1,,1,167,168,2,,,,C,80,1,5.0,"LAME R, FEVER",2000
00IN01785,1995105674,S5674,10,S5674,95,2,12,1,07, 87,284810,141510,0,,,,1,,2,185,167,3,,,,C,91,1,5.0,LTS,2000
00IN01786,1995105690,S5690,10,S5690,95,2,13,1,42, 42,263010,089010,0,,,,1,,1,179,181,5,,,,F,32,1,5.0,,2000
00IN01787,1995105691,S5691,10,S5691,95,2,13,1,42, 42,263010,089010,0,,,,1,,2,175,173,2,,,,F,33,1,5.0,,2000
00IN01788,1995105702,S5702,10,S5702,95,2,10,1,07, 22,314210,139110,0,,,,U,,5,193,201,1,,95,1211,M,U,A,5.0,,2000
00IN01789,1995105711,S5711,10,S5711,95,2,11,1,07, 32,235910,093010,0,,,,1,,1,198,200,4,,,,R,14,1,5.0,,2000
00IN01790,1995105745,S5745,10,S5745,95,2,10,1,42, 24,258510,036210,0,,,,6,,1,153,0,0,,50,0801,M,,,5.0,THIN,2000
00IN01791,1995105746,S5746,10,S5746,95,2,10,1,42, 24,258510,036210,0,,,,1,,1,203,175,4,,,,M,24,1,5.0,,2000
00IN01792,1995105784,S5784,10,S5784,95,2,11,1,07, 32,235910,268210,0,,,,1,,2,185,178,2,,,,R,13,1,5.0,CAKED BAG?,2000
00IN01793,1995105785,S5785,10,S5785,95,2,10,1,07, 22,314210,262310,0,,,,6,,1,153,0,0,,04,0622,M,,,5.0,4TEATS,2000
00IN01794,1995105787,S5787,10,S5787,95,2,12,1,07, 85,296410,034010,0,,,,6,,2,165,0,0,,05,0601,C,,,5.0,MASTITIS 6/1,2000
00IN01795,1995105798,S5798,10,S5798,95,2,13,1,07, 44,1958TX,210410,0,,,,U,,2,186,205,4,,95,1211,F,U,A,5.0,MLTS X,2000
00IN01796,1995105799,S5799,10,S5799,95,2,10,1,07, 21,354710,308210,2,,,,3,OVX,*,0,0,0,X,,,M,,,5.0,OVX,2000
00IN01797,1995105811,S5811,10,S5811,95,2,10,1,07, 24,258510,060610,0,,,,1,,2,169,171,2,,,,M,22,1,5.0,,2000
00IN01798,1995105825,S5825,10,S5825,95,2,13,1,07, 41,346010,421010,0,,,,U,,1,194,172,3,,95,1211,F,U,A,5.0,SUCK1SIDE,2000
00IN01799,1995105827,S5827,10,S5827,95,2,13,1,07, 44,1958TX,282910,0,,,,1,,1,191,179,2,,,,F,34,1,5.0,4TEATS,2000
00IN01800,1995105833,S5833,10,S5833,95,2,13,1,07, 41,346010,092910,0,,,,U,,1,177,157,3,,95,1211,F,U,A,5.0,"SW.BAG,VLTS",2000
00IN01801,1995105834,S5834,10,S5834,95,2,10,1,43, 23,257610,317410,0,,NN,,1,,1,183,175,3,,97,1025,M,54,1,5.0,R.P.,2000
00IN01802,1995105836,S5836,10,S5836,95,2,11,1,07, 32,235910,231710,0,,,,6,,*,0,0,0,,28,0322,R,,,5.0,"DYSTOCIA,DEAD",2000
00IN01803,1995105837,S5837,10,S5837,95,2,10,1,07, 21,354710,012810,0,,,,1,,2,158,162,2,,,,M,21,1,5.0,VLTS,2000
00IN01804,1995105842,S5842,10,S5842,95,2,11,1,07, 31,231510,279410,0,,,,3,,X,0,0,0,,93,0612,R,,,5.0,"SWBG,MASTITIS",2000
00IN01805,1995105845,S5845,10,S5845,95,2,13,1,07, 44,1958TX,193410,0,,,,1,,2,212,178,2,,,,F,31,1,5.0,W/ LAMB,2000
00IN01806,1995105848,S5848,10,S5848,95,2,13,1,42, 43,250010,057510,0,,,,1,,1,206,180,2,,,,F,31,1,5.0,,2000
00IN01807,1995105883,S5883,10,S5883,95,2,13,1,07, 41,346010,190410,0,,,,U,,1,157,167,2,,,,F,U,A,5.0,X FIBERBAG,2000
00IN01808,1995105887,S5887,10,S5887,95,2,10,1,07, 21,354710,093210,0,,NN,,1,,1,198,191,3,,,,M,51,1,5.0,HAIRY (58's),2000
00IN01809,1995105890,S5890,10,S5890,95,2,10,1,07, 22,314210,252110,0,,NN,,1,,2,167,171,2,,,,M,53,1,5.0,,2000
00IN01810,1995105898,S5898,10,S5898,95,2,12,1,43, 90,279310,182910,0,,,,1,,2,194,183,2,,,,C,81,1,5.0,,2000
00IN01811,1995105908,S5908,10,S5908,95,2,13,1,43, 43,250010,245110,0,,,,U,,1,171,167,3,,76,1226,F,U,A,5.0,SW.BAG,2000
00IN01812,1995105916,S5916,10,S5916,95,2,11,1,43, 31,231510,238010,0,,,,1,,1,187,182,3,,,,R,14,1,5.0,H3,2000
00IN01813,1995105919,S5919,10,S5919,95,2,11,1,07, 34,256710,916519,0,,NN,,1,,1,195,184,2,,,,R,54,1,5.0,,2000
00IN01814,1995105921,S5921,10,S5921,95,2,13,1,07, 41,346010,015010,0,,NN,,1,,2,166,151,2,,,,F,51,1,5.0,4TEATS,2000
00IN01815,1995105923,S5923,10,S5923,95,2,12,1,07, 91,255210,280610,0,,,,1,,1,158,166,2,,,,C,82,1,5.0,,2000
00IN01816,1995105934,S5934,10,S5934,95,2,10,1,07, 24,258510,301310,0,,,,1,,1,179,162,2,,,,M,23,1,5.0,,2000
00IN01817,1995105935,S5935,10,S5935,95,2,11,1,07, 32,235910,992819,2,,,,6,OVX,*,0,0,0,X,95,0308,R,,,5.0,4TEATS,2000
00IN01818,1995105943,S5943,10,S5943,95,2,13,1,07, 41,346010,359810,0,,,,3,,2,133,116,3,,93,1002,F,,,5.0,"VLTS, LAME",2000
00IN01819,1995105951,S5951,10,S5951,95,2,13,1,07, 44,1958TX,293310,0,,,,U,,2,200,198,11,,,,F,U,A,5.0,"MASTITIS, L",2000
00IN01820,1995105967,S5967,10,S5967,95,2,11,1,07, 33,250510,293410,0,,,,3,,1,150,162,12,,93,1002,R,,,5.0,,2000
00IN01821,1995105971,S5971,10,S5971,95,2,12,1,07, 81,6139TX,250610,0,,,,U,,1,204,198,11,,,,C,U,A,5.0,L.BLOODY MILK,2000
00IN01822,1995105978,S5978,10,S5978,95,2,12,1,43, 89,324410,245010,0,,,,1,,2,186,160,2,,,,C,83,1,5.0,LTS,2000
00IN01823,1995105989,S5989,10,S5989,95,2,12,1,07, 85,296410,051810,0,,,,1,,2,176,166,2,,,,C,85,1,5.0,,2000
00IN01824,1995105990,S5990,10,S5990,95,2,12,1,07, 85,296410,051810,0,,,,7,,*,0,0,0,,97,0306,C,,,5.0,,2000
00IN01825,1995106018,S6018,10,S6018,95,2,11,1,07, 34,256710,982519,0,,,,1,,2,165,170,2,,,,R,11,1,5.0,4TEATS,2000
00IN01826,1995106019,S6019,10,S6019,95,2,11,1,07, 32,235910,062810,0,,NN,,1,,1,206,200,2,,,,R,52,1,5.0,FAT,2000
00IN01827,1995106023,S6023,10,S6023,95,2,10,1,43, 24,258510,148510,0,,,,1,,1,172,178,2,,,,M,24,1,5.0,NO SHRG '99,2000
00IN01828,1995106031,S6031,10,S6031,95,2,10,1,07, 24,258510,141310,0,,,,1,,1,208,184,2,,,,M,23,1,5.0,LT,2000
00IN01829,1995106040,S6040,10,S6040,95,2,11,1,07, 32,235910,192910,0,,,,1,,2,174,152,2,,,,R,11,1,5.0,,2000
00IN01830,1995106045,S6045,10,S6045,95,2,12,1,43, 90,279310,155110,0,,,,U,,2,160,160,11,,,,C,U,A,5.0,,2000
00IN01831,1995106058,S6058,10,S6058,95,2,12,1,42, 82,254510,208910,0,,,,1,,2,173,165,2,,,,C,84,1,5.0,DYSTOCIA ok,2000
00IN01832,1995106073,S6073,10,S6073,95,2,12,1,43, 86,328610,259010,0,,,,1,,1,167,160,3,,,,C,87,1,5.0,WEAK RAT,2000
00IN01833,1995106078,S6078,10,S6078,95,2,13,1,07, 43,250010,816919,0,,,,6,,*,0,0,0,,01,0225,F,,,5.0,,2000
00IN01834,1995106108,S6108,10,S6108,95,2,12,1,07, 80,1574TX,083510,0,,,,U,,2,172,136,4,,,,C,U,A,5.0,"MLT,L",2000
00IN01835,1995106110,S6110,10,S6110,95,2,10,1,07, 21,354710,254110,0,,,,1,,2,188,190,2,,,,M,21,1,5.0,THICK MILK,2000
00IN01836,1995106136,S6136,10,S6136,95,2,11,1,07, 34,256710,145910,0,,,,3,,K,180,195,1,,93,1002,R,,,5.0,4TEATS,2000
00IN01837,1995106142,S6142,10,S6142,95,2,11,1,42, 33,250510,082410,0,,,,1,,2,203,192,2,,,,R,12,1,5.0,HAIRY,2000
00IN01838,1995106148,S6148,10,S6148,95,2,11,1,07, 31,231510,408710,0,,,,1,,1,197,182,2,,,,R,14,1,5.0,,2000
00IN01839,1995106149,S6149,10,S6149,95,2,13,1,42, 42,263010,143310,0,,,,1,,1,182,174,2,,,,F,32,1,5.0,ROUGH,2000
00IN01840,1995106153,S6153,10,S6153,95,2,12,1,42, 83,275310,940619,0,,,,1,,2,163,141,2,,,,C,86,1,5.0,"DYSTOCIA,2000",2000
00IN01841,1995106164,S6164,10,S6164,95,2,10,1,07, 23,257610,882619,0,,,,U,,5,160,183,1,,01,1013,M,U,,5.0,"Dry, ATE UP",2000
00IN01842,1995106183,S6183,10,S6183,95,2,11,1,07, 34,256710,080910,0,,NN,,1,,1,199,178,2,,,,R,53,1,5.0,CHK WGT,2000
00IN01843,1995106197,S6197,10,S6197,95,2,12,1,07, 81,6139TX,917519,0,,,,1,,1,202,191,2,,,,C,88,1,5.0,HAIRY,2000
00IN01844,1995106203,S6203,10,S6203,95,2,11,1,07, 33,250510,237810,0,,,,3,,H,181,168,2,,93,1002,R,,,5.0,"RUPTURE,L",2000
00IN01845,1995106208,S6208,10,S6208,95,2,10,1,07, 24,258510,291310,0,,,,1,,2,178,176,2,,,,M,22,1,5.0,,2000
00IN01846,1995106269,S6269,10,S6269,95,2,12,1,42, 91,255210,064410,0,,,,1,,1,148,160,2,,,,C,89,1,5.0,,2000
00IN01847,1995106272,S6272,10,S6272,95,2,13,1,07, 44,1958TX,239910,0,,,,1,,2,200,190,2,,,,F,34,1,5.0,,2000
00IN01848,1995106274,S6274,10,S6274,95,2,12,1,07, 81,6139TX,330210,0,,,,U,,2,179,179,9,,,,C,U,A,5.0,HARD BAG,2000
00IN01849,1995106298,S6298,10,S6298,95,2,12,1,42, 83,275310,076110,0,,,,1,,2,175,172,2,,,,C,90,1,5.0,SW.BAG,2000
00IN01850,1995106301,S6301,10,S6301,95,2,12,1,07, 88,320410,081010,0,,,,1,,1,174,170,2,,,,C,91,1,5.0,,2000
00IN01851,1995106321,S6321,10,S6321,95,2,10,1,07, 21,354710,933119,0,,,,1,,1,200,190,2,,,,M,24,1,5.0,,2000
00IN01852,1995106325,S6325,10,S6325,95,2,12,1,07, 85,296410,132910,0,,,,1,,1,166,172,2,,,,C,80,1,5.0,,2000
00IN01853,1995106328,S6328,10,S6328,95,2,11,1,07, 34,256710,207410,0,,,,1,,2,182,196,2,,,,R,12,1,5.0,NICE,2000
00IN01854,1995106330,S6330,10,S6330,95,2,11,1,07, 32,235910,069010,0,,,,U,,1,193,178,2,,,,R,U,A,5.0,R.TEAT WARTS,2000
00IN01855,1995106339,S6339,10,S6339,95,2,10,1,07, 24,258510,152110,0,,,,1,,1,178,184,2,,,,M,22,1,5.0,CUT R.CHEEK,2000
00IN01856,1995106348,S6348,10,S6348,95,2,13,1,42, 42,263010,809319,0,,,,1,,1,173,177,2,,,,F,33,1,5.0,VLTS,2000
00IN01857,1995106360,S6360,10,S6360,95,2,12,1,42, 83,275310,049910,0,,,,6,,2,173,0,0,,05,0707,C,,,5.0,LF DIGIT ok,2000
00IN01858,1995106393,S6393,10,S6393,95,2,13,1,07, 44,1958TX,990919,0,,,,6,,1,172,0,0,,04,0705,F,,,5.0,SUCK1SIDE,2000
00IN01859,1995106406,S6406,10,S6406,95,2,ch,1,07,  0,149710,337910,7,,,,U,LIM,3,179,159,2,,,,c,U,A,5.0,,2000
00IN01860,1995106412,S6412,10,S6412,95,2,13,1,42, 42,263010,375510,0,,,,1,,1,212,204,2,,,,F,32,1,5.0,,2000
00IN01861,1995106413,S6413,10,S6413,95,2,11,1,42, 33,250510,073810,0,,,,6,,*,0,0,0,,16,0307,R,,,5.0,"THIN,ROUGH",2000
00IN01862,1995106423,S6423,10,S6423,95,2,13,1,07, 44,1958TX,153810,0,,,,3,,H,191,202,2,,93,1002,F,,,5.0,"LAME,RR,2000",2000
00IN01863,1995106427,S6427,10,S6427,95,2,13,1,07, 44,1958TX,073310,0,,,,1,,1,167,182,2,,,,F,31,1,5.0,1TAG,2000
00IN01864,1995106433,S6433,10,S6433,95,2,ch,1,07,  0,187810,339610,7,,,,U,LIM,3,159,185,2,,,,c,U,A,5.0,REJECTS LAMB,2000
00IN01865,1995106460,S6460,10,S6460,95,2,ch,1,07,  2,187810,227310,7,,,,U,LIM,3,160,137,2,,,,c,U,A,5.0,,2000
00IN01866,1995106468,S6468,10,S6468,95,2,ch,1,07,  0,104810,225510,2,,,,3,,2,176,157,3,,93,1002,h,,,5.0,X SW.BAG,2000
00IN01867,1995106477,S6477,10,S6477,95,2,12,1,07, 84,234910,132710,0,,,,1,,1,203,189,4,,,,C,81,1,5.0,,2000
00IN01868,1995106479,S6479,10,S6479,95,2,ch,1,07,  2,149710,223510,7,,,,U,LIM,3,157,153,2,,,,c,U,A,5.0,1TAG,2000
00IN01869,1995106551,S6551,10,S6551,95,2,ch,1,00,J02,112604,530910,2,,,,1,,2,203,171,3,,,,h,BF,3,5.0,,2000
00IN01870,1996106571,S6571,10,S6571,96,2,12,1,07,80,471610,487610,0,,,,1,,2,173,165,2,,,,C,82,1,4.0,,2000
00IN01871,1996106587,S6587,10,S6587,96,2,12,1,07,88,490010,078710,0,,,,1,,1,149,154,2,,,,C,83,1,4.0,,2000
00IN01872,1996106592,S6592,10,S6592,96,2,13,1,43,41,483710,191010,0,,NN,,1,,1,171,181,2,,,,F,51,1,4.0,,2000
00IN01873,1996106596,S6596,10,S6596,96,2,10,1,43,24,472610,043910,0,,,,1,,1,150,165,3,,,,M,21,1,4.0,L.BLOODY MILK,2000
00IN01874,1996106603,S6603,10,S6603,96,2,10,1,07,22,449410,151610,0,,,,1,,1,201,183,3,,,,M,21,1,4.0,HAIRY,2000
00IN01875,1996106604,S6604,10,S6604,96,2,10,1,07,22,449410,151610,0,,,,1,,2,183,164,2,,,,M,24,1,4.0,DYSTOCIA ok,2000
00IN01876,1996106613,S6613,10,S6613,96,2,11,1,07,34,517710,491010,0,,,,1,,1,184,170,2,,,,R,11,1,4.0,,2000
00IN01877,1996106627,S6627,10,S6627,96,2,10,1,43,21,528310,139610,0,,,,1,,1,181,175,2,,,,M,23,1,4.0,DYSTOCIA97,2000
00IN01878,1996106631,S6631,10,S6631,96,2,11,1,07,32,454910,495910,0,,,,1,,2,170,172,2,,,,R,13,1,4.0,,2000
00IN01879,1996106640,S6640,10,S6640,96,2,13,1,43,43,481110,443910,0,,,,1,,2,178,173,2,,,,F,33,1,4.0,,2000
00IN01880,1996106647,S6647,10,S6647,96,2,13,1,43,44,450210,155610,0,,,,1,,1,153,141,4,,,,F,34,1,4.0,VLTS,2000
00IN01881,1996106648,S6648,10,S6648,96,2,13,1,43,44,450210,155610,0,,,,1,,1,171,175,2,,,,F,31,1,4.0,,2000
00IN01882,1996106650,S6650,10,S6650,96,2,13,1,07,43,481110,453910,0,,,,U,,1,188,166,2,,,,F,U,A,4.0,SL.RUPTURE L,2000
00IN01883,1996106657,S6657,10,S6657,96,2,12,1,07,90,443410,259010,0,,,,1,,1,149,147,2,,,,C,84,1,4.0,SW.BAG,2000
00IN01884,1996106670,S6670,10,S6670,96,2,13,1,43,44,450210,191910,0,,,,1,,H,141,140,2,,,,F,32,1,4.0,,2000
00IN01885,1996106671,S6671,10,S6671,96,2,13,1,07,42,487110,193410,0,,,,6,,*,0,0,0,,01,0130,F,,,4.0,,2000
00IN01886,1996106673,S6673,10,S6673,96,2,12,1,42,87,485510,064410,0,,,,1,,1,160,147,2,,,,C,85,1,4.0,HAIRY,2000
00IN01887,1996106679,S6679,10,S6679,96,2,11,1,07,31,482910,497010,0,,,,7,,1,212,0,0,,97,0915,R,,,4.0,ENTR,2000
00IN01888,1996106682,S6682,10,S6682,96,2,12,1,07,90,443410,078110,0,,,,1,,2,196,182,2,,,,C,86,1,4.0,4TEATS,2000
00IN01889,1996106694,S6694,10,S6694,96,2,18,1,43,45,458910,383710,7,,NN,,1,LIM,3,146,159,2,,,,I,52,1,4.0,,2000
00IN01890,1996106695,S6695,10,S6695,96,2,10,1,43,21,528310,451710,0,,,,1,,1,188,185,2,,,,M,22,1,4.0,4TEATS,2000
00IN01891,1996106700,S6700,10,S6700,96,2,12,1,43,81,514510,320210,0,,,,1,,1,172,165,2,,,,C,87,1,4.0,,2000
00IN01892,1996106702,S6702,10,S6702,96,2,10,1,07,23,498010,075410,2,,,,3,OVX,*,0,0,0,X,,,M,,,4.0,"X,LOW PROD.",2000
00IN01893,1996106703,S6703,10,S6703,96,2,13,1,07,42,487110,247610,0,,,,1,,1,151,159,2,,,,F,33,1,4.0,SW.BAG,2000
00IN01894,1996106704,S6704,10,S6704,96,2,13,1,07,42,487110,247610,0,,,,1,,2,170,176,2,,,,F,34,1,4.0,4TEATS,2000
00IN01895,1996106720,S6720,10,S6720,96,2,11,1,07,34,517710,876819,0,,,,1,,2,178,169,2,,,,R,14,1,4.0,,2000
00IN01896,1996106721,S6721,10,S6721,96,2,13,1,43,43,481110,161410,0,,,,1,,2,177,178,3,,,,F,31,1,4.0,LTS,2000
00IN01897,1996106724,S6724,10,S6724,96,2,10,1,07,22,449410,455910,0,,,,1,,1,196,183,3,,,,M,23,1,4.0,F4- ok,2000
00IN01898,1996106737,S6737,10,S6737,96,2,12,1,43,81,514510,470310,0,,,,1,,2,210,190,3,,,,C,88,1,4.0,4TEATS,2000
00IN01899,1996106739,S6739,10,S6739,96,2,12,1,43,81,514510,470310,0,,,,1,,1,197,174,2,,,,C,89,1,4.0,,2000
00IN01900,1996106747,S6747,10,S6747,96,2,10,1,43,24,472610,153310,0,,,,1,,1,163,172,2,,,,M,24,1,4.0,4TEATS,2000
00IN01901,1996106749,S6749,10,S6749,96,2,18,1,43,45,458910,014810,7,,NN,,1,LIM,3,183,167,2,,,,I,53,1,4.0,,2000
00IN01902,1996106750,S6750,10,S6750,96,2,18,1,43,45,458910,014810,7,,,,3,LIM,3,177,173,5,,93,1002,I,,,4.0,X BAG,2000
00IN01903,1996106756,S6756,10,S6756,96,2,10,1,43,23,498010,506510,0,,,,1,,1,206,200,2,,,,M,21,1,4.0,,2000
00IN01904,1996106761,S6761,10,S6761,96,1,11,1,07,33,476410,496010,2,,,,3,LIB,*,0,0,0,X,93,0306,R,,,4.0,,2000
00IN01905,1996106766,S6766,10,S6766,96,2,18,1,43,45,458910,400210,7,,NN,,1,LIM,3,176,179,2,,,,I,51,1,4.0,4TEATS,2000
00IN01906,1996106779,S6779,10,S6779,96,2,12,1,07,89,457910,464010,0,,,,1,,2,198,192,2,,,,C,90,1,4.0,DYSTOCIA ok,2000
00IN01907,1996106780,S6780,10,S6780,96,2,12,1,07,89,457910,464010,0,,NN,,1,,2,173,178,2,,,,C,52,1,4.0,,2000
00IN01908,1996106784,S6784,10,S6784,96,2,10,1,07,22,449410,087710,0,,,,1,,1,185,173,2,,,,M,22,1,4.0,,2000
00IN01909,1996106788,S6788,10,S6788,96,2,11,1,07,32,454910,087010,0,,,,1,,2,171,154,2,,,,R,11,1,4.0,,2000
00IN01910,1996106793,S6793,10,S6793,96,1,10,1,42,23,498010,064210,2,,,,3,LIB,*,0,0,0,1,,,M,,,4.0,H4,2000
00IN01911,1996106794,S6794,10,S6794,96,2,11,1,07,32,454910,192910,0,,,,1,,H,164,157,2,,,,R,12,1,4.0,DYSTOCIA,2000
00IN01912,1996106795,S6795,10,S6795,96,2,11,1,07,32,454910,482810,0,,,,6,,1,167,0,0,,01,0628,R,,,4.0,ENTR,2000
00IN01913,1996106800,S6800,10,S6800,96,2,18,1,43,45,458910,232510,7,,,,U,LIM,5,172,170,1,,,,I,U,A,4.0,,2000
00IN01914,1996106807,S6807,10,S6807,96,1,11,1,07,34,517710,466810,2,,,,7,LIB,*,0,0,0,X,97,0306,R,,,4.0,"H5, MISSING",2000
00IN01915,1996106815,S6815,10,S6815,96,2,13,1,43,44,450210,297110,0,,,,1,,1,164,171,2,,,,F,32,1,4.0,4TEATS,2000
00IN01916,1996106830,S6830,10,S6830,96,2,11,1,07,34,517710,484110,0,,,,1,,2,194,157,2,,,,R,13,1,4.0,,2000
00IN01917,1996106831,S6831,10,S6831,96,2,11,1,07,34,517710,069010,0,,,,1,,1,157,170,4,,,,R,14,1,4.0,ENTR,2000
00IN01918,1996106832,S6832,10,S6832,96,2,11,1,07,34,517710,069010,0,,,,1,,1,171,183,2,,,,R,11,1,4.0,,2000
00IN01919,1996106836,S6836,10,S6836,96,2,18,1,07,42,487110,181710,7,,NN,,1,LIM,3,178,213,1,,,,I,53,1,4.0,FIXBIGTAG '99,2000
00IN01920,1996106838,S6838,10,S6838,96,2,11,1,07,33,476410,231710,0,,NN,,1,,1,182,179,2,,,,R,51,1,4.0,,2000
00IN01921,1996106839,S6839,10,S6839,96,2,11,1,07,33,476410,231710,0,,,,1,,1,148,162,4,,,,R,12,1,4.0,,2000
00IN01922,1996106856,S6856,10,S6856,96,2,12,1,07,82,511810,034010,0,,,,U,,5,194,192,1,,,,C,U,A,4.0,ENTR,2000
00IN01923,1996106864,S6864,10,S6864,96,2,11,1,43,34,517710,503310,0,,,,1,,1,175,168,2,,,,R,13,1,4.0,DYSTOCIA97,2000
00IN01924,1996106866,S6866,10,S6866,96,2,11,1,07,31,482910,446610,0,,,,U,,1,209,169,2,,,,R,U,A,4.0,4TEATS,2000
00IN01925,1996106872,S6872,10,S6872,96,2,11,1,07,34,517710,093010,0,,,,3,,2,187,174,13,,93,1002,R,,,4.0,BLUEBAG X,2000
00IN01926,1996106873,S6873,10,S6873,96,2,10,1,43,24,472610,933119,0,,,,1,,1,162,159,2,,,,M,23,1,4.0,4TEATS,2000
00IN01927,1996106879,S6879,10,S6879,96,2,13,1,42,43,481110,056310,0,,,,1,,1,158,167,2,,,,F,33,1,4.0,,2000
00IN01928,1996106880,S6880,10,S6880,96,2,12,1,07,83,449010,446210,0,,,,1,,1,180,182,2,,,,C,91,1,4.0,4TEATS,2000
00IN01929,1996106881,S6881,10,S6881,96,1,12,1,07,83,449010,446210,2,,,,3,LIB,*,0,0,0,1,,,C,,,4.0,,2000
00IN01930,1996106884,S6884,10,S6884,96,2,13,1,43,42,487110,183010,2,,,,3,OVX,*,0,0,0,X,,,F,,,4.0,BARREN >OVX,2000
00IN01931,1996106892,S6892,10,S6892,96,2,13,1,43,41,483710,131510,0,,,,1,,1,146,153,2,,,,F,34,1,4.0,,2000
00IN01932,1996106893,S6893,10,S6893,96,2,18,1,43,45,458910,011710,7,,,,K,LIM,K,163,0,0,,,,I,KNA,3,4.0,SICK? 4/24,2000
00IN01933,1996106901,S6901,10,S6901,96,2,12,1,43,84,496810,509610,2,,,,3,OVX,*,0,0,0,X,86,1026,C,,,4.0,"X,LOW PROD.",2000
00IN01934,1996106916,S6916,10,S6916,96,2,13,1,42,41,483710,236310,0,,,,1,,2,151,159,2,,,,F,31,1,4.0,,2000
00IN01935,1996106920,S6920,10,S6920,96,1,10,1,43,24,472610,510010,2,,,,3,LIB,*,0,0,0,X,93,0306,M,,,4.0,Bovis SUSPECT,2000
00IN01936,1996106921,S6921,10,S6921,96,2,10,1,43,24,472610,510010,0,,NN,,1,,1,162,153,2,,,,M,52,1,4.0,4TEATS,2000
00IN01937,1996106924,S6924,10,S6924,96,2,12,1,42,81,514510,230610,0,,,,1,,2,179,176,2,,,,C,80,1,4.0,"SW.BAG,LTS",2000
00IN01938,1996106931,S6931,10,S6931,96,2,13,1,43,44,450210,490310,0,,,,1,,2,168,162,2,,,,F,32,1,4.0,ENTR,2000
00IN01939,1996106935,S6935,10,S6935,96,2,10,1,43,24,472610,480810,0,,,,1,,1,199,176,2,,,,M,24,1,4.0,4TEATS,2000
00IN01940,1996106938,S6938,10,S6938,96,2,13,1,07,43,481110,089010,0,,,,U,,5,173,201,2,,,,F,U,A,4.0,R.P.,2000
00IN01941,1996106944,S6944,10,S6944,96,2,11,1,07,32,454910,080910,0,,,,1,,1,166,159,2,,,,R,14,1,4.0,ENTR,2000
00IN01942,1996106949,S6949,10,S6949,96,2,11,1,43,31,482910,190010,0,,,,1,,2,152,148,2,,,,R,11,1,4.0,,2000
00IN01943,1996106950,S6950,10,S6950,96,2,11,1,07,32,454910,179510,0,,,,1,,2,174,172,2,,,,R,12,1,4.0,,2000
00IN01944,1996106951,S6951,10,S6951,96,2,11,1,07,32,454910,179510,0,,,,1,,1,160,157,2,,,,R,12,1,4.0,,2000
00IN01945,1996106958,S6958,10,S6958,96,2,18,1,43,45,458910,411110,7,,NN,,1,LIM,3,181,174,2,,,,I,53,1,4.0,STIFF WM,2000
00IN01946,1996106960,S6960,10,S6960,96,2,11,1,07,32,454910,519610,0,,,,1,,3,203,178,2,,,,R,14,1,4.0,,2000
00IN01947,1996106963,S6963,10,S6963,96,2,13,1,43,44,450210,261010,0,,,,1,,1,172,161,2,,,,F,33,1,4.0,,2000
00IN01948,1996106965,S6965,10,S6965,96,2,11,1,07,32,454910,471510,0,,,,1,,2,165,159,2,,,,R,11,1,4.0,,2000
00IN01949,1996106977,S6977,10,S6977,96,2,11,1,07,34,517710,032810,0,,,,1,,1,180,186,2,,,,R,13,1,4.0,,2000
00IN01950,1996106989,S6989,10,S6989,96,2,10,1,42,21,528310,518410,0,,,,1,,2,183,178,2,,,,M,23,1,4.0,,2000
00IN01951,1996106993,S6993,10,S6993,96,2,12,1,42,90,443410,045610,0,,,,1,,2,172,164,2,,,,C,81,1,4.0,BIG BAG,2000
00IN01952,1996106994,S6994,10,S6994,96,2,10,1,43,21,528310,133410,0,,,,1,,1,184,187,2,,,,M,24,1,4.0,,2000
00IN01953,1996106998,S6998,10,S6998,96,1,12,1,07,82,511810,957019,2,,,,3,LIB,*,0,0,0,X,93,0306,C,,,4.0,,2000
00IN01954,1996107004,S7004,10,S7004,96,2,10,1,07,22,449410,254110,0,,,,1,,1,165,161,3,,,,M,21,1,4.0,BIG BAG,2000
00IN01955,1996107018,S7018,10,S7018,96,2,18,1,43,45,458910,284010,7,,NN,,1,LIM,3,184,173,3,,,,I,51,1,4.0,,2000
00IN01956,1996107019,S7019,10,S7019,96,2,13,1,43,41,483710,464210,0,,,,1,,1,183,168,2,,,,F,34,1,4.0,,2000
00IN01957,1996107025,S7025,10,S7025,96,2,13,1,43,44,450210,462810,0,,,,1,,1,159,159,2,,,,F,31,1,4.0,BLK.R.KNEE,2000
00IN01958,1996107026,S7026,10,S7026,96,2,10,1,43,21,528310,882619,0,,,,1,,1,156,172,2,,,,M,22,1,4.0,BUSHY chk,2000
00IN01959,1996107031,S7031,10,S7031,96,2,10,1,43,21,528310,162210,0,,,,3,,1,167,150,3,,93,1002,M,,,4.0,X ?,2000
00IN01960,1996107049,S7049,10,S7049,96,2,11,1,07,34,517710,247510,0,,,,1,,2,157,150,2,,,,R,13,1,4.0,DYSTOCIA'99,2000
00IN01961,1996107053,S7053,10,S7053,96,2,12,1,07,87,485510,964319,0,,,,1,,2,144,147,2,,,,C,82,1,4.0,ENTR,2000
00IN01962,1996107060,S7060,10,S7060,96,2,12,1,42,91,478510,046610,0,,,,1,,1,151,169,3,,,,C,83,1,4.0,,2000
00IN01963,1996107068,S7068,10,S7068,96,2,12,1,07,82,511810,445910,0,,NN,,1,,2,188,180,2,,,,C,52,1,4.0,,2000
00IN01964,1996107096,S7096,10,S7096,96,2,13,1,43,41,483710,386810,0,,,,1,,1,155,170,3,,,,F,32,1,4.0,SUCK1SIDE,2000
00IN01965,1996107119,S7119,10,S7119,96,2,12,1,43,85,452010,957619,0,,,,1,,1,181,178,2,,,,C,84,1,4.0,SW. BAG,2000
00IN01966,1996107120,S7120,10,S7120,96,2,11,1,07,34,517710,455710,0,,,,1,,1,156,172,2,,,,R,14,1,4.0,,2000
00IN01967,1996107124,S7124,10,S7124,96,1,13,1,43,43,481110,249310,0,,,,3,,M,220,255,0,,93,0812,F,,,4.0,FIX BIG TAG**,2000
00IN01968,1996107128,S7128,10,S7128,96,2,12,1,43,91,478510,317610,0,,,,1,,1,186,173,2,,,,C,85,1,4.0,,2000
00IN01969,1996107134,S7134,10,S7134,96,2,12,1,43,91,478510,151310,0,,,,1,,1,150,168,2,,,,C,86,1,4.0,,2000
00IN01970,1996107137,S7137,10,S7137,96,2,11,1,07,31,482910,513110,0,,,,1,,1,166,171,4,,,,R,12,1,4.0,,2000
00IN01971,1996107148,S7148,10,S7148,96,2,11,1,07,32,454910,497310,0,,,,U,,5,164,173,1,,,,R,U,A,4.0,,2000
00IN01972,1996107151,S7151,10,S7151,96,2,10,1,07,22,449410,318610,0,,,,1,,2,200,191,2,,,,M,23,1,4.0,LETHARGIC,2000
00IN01973,1996107154,S7154,10,S7154,96,2,13,1,43,44,450210,147010,0,,,,1,,1,166,169,4,,,,F,33,1,4.0,,2000
00IN01974,1996107157,S7157,10,S7157,96,2,11,1,07,34,517710,957419,0,,,,1,,2,168,160,2,,,,R,11,1,4.0,,2000
00IN01975,1996107170,S7170,10,S7170,96,2,18,1,43,45,458910,974819,7,,NN,,1,LIM,3,159,156,2,,,,I,53,1,4.0,,2000
00IN01976,1996107179,S7179,10,S7179,96,2,10,1,43,24,472610,514410,0,,,,1,,1,164,180,2,,,,M,21,1,4.0,,2000
00IN01977,1996107191,S7191,10,S7191,96,2,13,1,07,42,487110,269410,0,,,,1,,2,228,219,2,,,,F,34,1,4.0,HURT L.EYE,2000
00IN01978,1996107192,S7192,10,S7192,96,2,13,1,07,42,487110,269410,0,,,,6,,1,194,0,0,,05,0505,F,,,4.0,BLUEBAG5/5/00,2000
00IN01979,1996107205,S7205,10,S7205,96,2,10,1,07,23,498010,488610,0,,,,1,,1,185,180,3,,,,M,24,1,4.0,DYSTOCIA,2000
00IN01980,1996107221,S7221,10,S7221,96,2,13,1,43,44,450210,188910,0,,,,1,,2,144,156,2,,,,F,31,1,4.0,,2000
00IN01981,1996107232,S7232,10,S7232,96,2,12,1,42,85,452010,501910,0,,,,1,,1,186,180,3,,,,C,87,1,4.0,,2000
00IN01982,1996107234,S7234,10,S7234,96,2,10,1,43,22,449410,483210,0,,,,1,,1,187,177,2,,,,M,22,1,4.0,"LAME,RR'99",2000
00IN01983,1996107240,S7240,10,S7240,96,2,10,1,43,24,472610,145110,0,,,,1,,1,182,176,2,,,,M,24,1,4.0,4TEATS,2000
00IN01984,1996107245,S7245,10,S7245,96,2,11,1,07,32,454910,505910,0,,NN,,1,,1,202,186,2,,,,R,51,1,4.0,4TEATS,2000
00IN01985,1996107253,S7253,10,S7253,96,2,10,1,43,23,498010,210010,0,,,,U,,1,218,197,3,,,,M,U,A,4.0,,2000
00IN01986,1996107258,S7258,10,S7258,96,2,10,1,42,22,449410,059710,0,,,,6,,2,168,0,0,,05,0509,M,,,4.0,MASTITIS 5/9,2000
00IN01987,1996107262,S7262,10,S7262,96,2,11,1,07,33,476410,448110,0,,,,1,,2,209,181,2,,,,R,13,1,4.0,,2000
00IN01988,1996107270,S7270,10,S7270,96,2,11,1,07,34,517710,446810,2,,,,3,OVX,*,0,0,0,X,,,R,,,4.0,"X,LOW PROD.",2000
00IN01989,1996107274,S7274,10,S7274,96,2,11,1,07,33,476410,495610,0,,,,1,,1,186,171,2,,,,R,14,1,4.0,,2000
00IN01990,1996107277,S7277,10,S7277,96,2,12,1,07,88,490010,310410,0,,NN,,1,,1,194,172,2,,,,C,52,1,4.0,"3""SCURS",2000
00IN01991,1996107286,S7286,10,S7286,96,1,12,1,42,91,478510,227910,2,,,,3,LIB,*,0,0,0,1,,,C,,,4.0,F5+,2000
00IN01992,1996107296,S7296,10,S7296,96,2,10,1,07,23,498010,518010,2,,,,6,OVX,*,0,0,0,X,95,0208,M,,,4.0,BARREN >OVX,2000
00IN01993,1996107304,S7304,10,S7304,96,2,10,1,07,22,449410,074010,0,,,,1,,1,176,170,1,,,,M,23,1,4.0,,2000
00IN01994,1996107317,S7317,10,S7317,96,2,18,1,43,45,458910,310810,7,,NN,,1,LIM,3,193,197,2,,,,I,53,1,4.0,,2000
00IN01995,1996107328,S7328,10,S7328,96,2,13,1,07,42,487110,141610,0,,,,U,,1,197,218,2,,,,F,U,A,4.0,DYSTOCIA,2000
00IN01996,1996107330,S7330,10,S7330,96,2,12,1,43,88,490010,182910,0,,,,1,,2,165,165,2,,,,C,88,1,4.0,4TEATS,2000
00IN01997,1996107341,S7341,10,S7341,96,2,10,1,07,23,498010,057310,0,,,,1,,1,180,178,1,,,,M,21,1,4.0,,2000
00IN01998,1996107353,S7353,10,S7353,96,2,10,1,43,22,449410,314910,0,,,,1,,1,169,182,2,,,,M,22,1,4.0,1TAG,2000
00IN01999,1996107366,S7366,10,S7366,96,2,13,1,43,44,450210,071210,0,,,,1,,1,185,187,2,,,,F,32,1,4.0,,2000
00IN02000,1996107379,S7379,10,S7379,96,2,12,1,42,83,449010,274810,0,,,,1,,2,169,159,2,,,,C,89,1,4.0,SW.BAG,2000
00IN02001,1996107380,S7380,10,S7380,96,2,12,1,42,83,449010,274810,0,,,,1,,1,175,164,2,,,,C,90,1,4.0,,2000
00IN02002,1996107382,S7382,10,S7382,96,2,11,1,07,33,476410,466510,0,,,,1,,1,152,150,2,,,,R,11,1,4.0,,2000
00IN02003,1996107391,S7391,10,S7391,96,2,11,1,43,34,517710,267510,0,,,,U,,1,175,158,2,,,,R,U,A,4.0,,2000
00IN02004,1996107401,S7401,10,S7401,96,2,11,1,07,34,517710,443510,0,,,,U,,1,185,172,2,,,,R,U,A,4.0,?29micron 54s,2000
00IN02005,1996107403,S7403,10,S7403,96,2,11,1,07,32,454910,269510,0,,,,1,,1,182,170,3,,,,R,12,1,4.0,LTS,2000
00IN02006,1996107421,S7421,10,S7421,96,2,12,1,43,80,471610,155110,0,,,,1,,2,163,155,2,,,,C,91,1,4.0,,2000
00IN02007,1996107422,S7422,10,S7422,96,2,12,1,43,80,471610,155110,0,,,,1,,1,162,184,2,,,,C,80,1,4.0,R.QTR. ok,2000
00IN02008,1996107426,S7426,10,S7426,96,1,ch,1,31,-0-,042310,530910,2,,,,3,LIB,*,0,0,0,X,93,0306,c,,,4.0,ENTR,2000
00IN02009,1996107429,S7429,10,S7429,96,1,12,1,07,86,447610,384810,2,,,,3,LIB,*,0,0,0,1,,,C,,,4.0,,2000
00IN02010,1996107430,S7430,10,S7430,96,2,12,1,07,86,447610,384810,0,,,,7,,1,160,0,0,,97,0915,C,,,4.0,,2000
00IN02011,1996107437,S7437,10,S7437,96,2,13,1,43,41,483710,966519,0,,,,U,,2,192,185,3,,,,F,U,A,4.0,X SW.BAG,2000
00IN02012,1996107461,S7461,10,S7461,96,2,11,1,07,34,517710,500910,0,,NN,,1,,1,163,166,2,,,,R,51,1,4.0,,2000
00IN02013,1996107466,S7466,10,S7466,96,2,ch,1,43,-0-,187810,226210,7,,,,U,LIM,3,155,134,5,,,,c,U,A,4.0,,2000
00IN02014,1996107467,S7467,10,S7467,96,2,11,1,07,32,454910,451310,0,,,,3,,1,188,179,3,,93,1002,R,,,4.0,,2000
00IN02015,1996107470,S7470,10,S7470,96,2,10,1,43,22,449410,516410,0,,,,1,,2,191,183,2,,,,M,21,1,4.0,HAIRY,2000
00IN02016,1996107486,S7486,10,S7486,96,2,10,1,43,24,472610,067910,0,,,,1,,1,153,160,4,,,,M,22,1,4.0,FLTS,2000
00IN02017,1996107491,S7491,10,S7491,96,2,12,1,42,87,485510,041610,0,,,,6,,1,205,0,0,,04,0801,C,,,4.0,4TEATS,2000
00IN02018,1996107503,S7503,10,S7503,96,2,13,1,07,43,481110,281410,0,,,,1,,2,193,198,2,,,,F,33,1,4.0,,2000
00IN02019,1996107511,S7511,10,S7511,96,2,10,1,07,23,498010,203210,0,,,,1,,1,205,212,2,,,,M,23,1,4.0,,2000
00IN02020,1996107513,S7513,10,S7513,96,2,12,1,43,86,447610,530510,0,,,,1,,1,194,188,6,,,,C,81,1,4.0,4TEATS,2000
00IN02021,1996107518,S7518,10,S7518,96,2,13,1,07,43,481110,143310,0,,,,1,,1,189,175,2,,,,F,34,1,4.0,VLTS,2000
00IN02022,1996107519,S7519,10,S7519,96,2,13,1,07,43,481110,143310,0,,,,1,,1,192,179,2,,,,F,31,1,4.0,,2000
00IN02023,1996107530,S7530,10,S7530,96,2,10,1,42,23,498010,036210,0,,,,1,,1,174,174,2,,,,M,24,1,4.0,,2000
00IN02024,1996107539,S7539,10,S7539,96,1,ch,1,07,-0-,190810,227610,2,,,,3,LIB,*,0,0,0,X,93,0306,h,,,4.0,,2000
00IN02025,1996107542,S7542,10,S7542,96,2,12,1,43,90,443410,145310,0,,,,6,,2,202,0,0,,04,0710,C,,,4.0,4TEATS,2000
00IN02026,1996107545,S7545,10,S7545,96,2,10,1,43,24,472610,296610,0,,,,1,,1,204,188,2,,,,M,21,1,4.0,4TEATS,2000
00IN02027,1996107546,S7546,10,S7546,96,2,10,1,43,24,472610,296610,0,,,,1,,2,199,181,2,,,,M,23,1,4.0,,2000
00IN02028,1996107559,S7559,10,S7559,96,2,11,1,07,31,482910,164010,0,,,,1,,1,191,185,2,,,,R,13,1,4.0,DYSTOCIA97,2000
00IN02029,1996107576,S7576,10,S7576,96,2,ch,1,07,-0-,154110,339710,2,,,,1,,1,182,173,3,,,,h,BF,3,4.0,,2000
00IN02030,1996107578,S7578,10,S7578,96,1,10,1,07,23,498010,138010,2,,,,3,LIB,*,0,0,0,X,93,0306,M,,,4.0,DUD,2000
00IN02031,1996107583,S7583,10,S7583,96,2,13,1,43,43,481110,245110,0,,,,1,,1,193,199,3,,,,F,32,1,4.0,,2000
00IN02032,1996107596,S7596,10,S7596,96,2,12,1,07,87,485510,132710,0,,,,1,,2,163,157,2,,,,C,82,1,4.0,"BLED,DYSTOCIA",2000
00IN02033,1996107600,S7600,10,S7600,96,2,ch,1,07,-2-,149710,438410,7,,,,K,LIM,K,151,0,0,,,,c,KNA,3,4.0,,2000
00IN02034,1996107605,S7605,10,S7605,96,2,ch,1,07,-2-,042310,225510,7,,,,U,LIM,3,159,153,2,,,,c,U,A,4.0,,2000
00IN02035,1996107607,S7607,10,S7607,96,1,12,1,07,87,485510,841619,2,,,,3,LIB,*,0,0,0,X,93,0306,C,,,4.0,"flwt 6.4,DUD",2000
00IN02036,1996107611,S7611,10,S7611,96,1,ch,1,01,-0-,286444,223110,2,,,,3,LIB,*,0,0,0,1,,,h,,,4.0,,2000
00IN02037,1996107617,S7617,10,S7617,96,2,13,1,07,43,481110,501010,0,,,,3,,H,138,150,2,,93,1002,F,,,4.0,VAG.PROLAPSE,2000
00IN02038,1996107626,S7626,10,S7626,96,2,10,1,07,23,498010,151810,0,,,,6,,*,0,0,0,,88,0402,M,,,4.0,"HYDROPS,DEAD",2000
00IN02039,1996107649,S7649,10,S7649,96,2,ch,1,07,j.8,434544,647910,2,,,,1,,2,178,159,2,,,,h,BF,3,4.0,,2000
00IN02040,1996107660,S7660,10,S7660,96,2,13,1,43,43,481110,517010,0,,,,1,,1,170,192,2,,,,F,33,1,4.0,THIN,2000
00IN02041,1996107698,S7698,10,S7698,96,2,ch,1,07,j.0,436744,643310,7,,,,U,LIM,3,180,163,2,,,,c,U,A,4.0,,2000
00IN02042,1996107714,S7714,10,S7714,96,2,ch,1,31,j.7,432544,640610,2,,NN,,1,,1,208,207,2,,,,h,BF,3,4.0,,2000
00IN02043,1997107742,S7742,10,S7742,97,2,10,1,07,21,556110,599110,0,,,,1,,1,176,157,2,,,,M,22,1,3.0,,2000
00IN02044,1997107752,S7752,10,S7752,97,2,13,1,42,41,586610,161410,0,,,,6,,1,167,0,0,,05,0829,F,,,3.0,BLUEBAG,2000
00IN02045,1997107758,S7758,10,S7758,97,2,18,1,43,e.0,559010,725810,7,,NN,,1,LIM,3,174,162,2,,,,M,52,1,3.0,,2000
00IN02046,1997107759,S7759,10,S7759,97,2,18,1,07,45,587210,340310,7,,NN,,1,LIM,3,149,166,2,,,,I,53,1,3.0,,2000
00IN02047,1997107763,S7763,10,S7763,97,2,12,1,43,82,619310,132910,0,,,,1,,1,145,152,2,,,,C,83,1,3.0,,2000
00IN02048,1997107765,S7765,10,S7765,97,2,11,1,07,32,616910,439810,0,,,,3,,H,115,116,2,,93,1002,R,,,3.0,"THIN,CUT UP",2000
00IN02049,1997107766,S7766,10,S7766,97,2,11,1,07,32,616910,439810,0,,,,1,,1,205,187,2,,,,R,13,1,3.0,,2000
00IN02050,1997107775,S7775,10,S7775,97,2,18,1,07,45,587210,405110,7,,NN,,1,LIM,3,160,184,2,,,,I,51,1,3.0,,2000
00IN02051,1997107782,S7782,10,S7782,97,2,11,1,43,31,555410,503110,0,,,,1,,1,164,172,2,,,,R,12,1,3.0,,2000
00IN02052,1997107783,S7783,10,S7783,97,2,12,1,07,87,564010,490910,0,,,,1,,1,180,168,2,,,,C,84,1,3.0,4TEATS,2000
00IN02053,1997107785,S7785,10,S7785,97,2,13,1,42,41,586610,634810,0,,,,1,,1,179,170,2,,,,F,34,1,3.0,NICE&QUIET,2000
00IN02054,1997107787,S7787,10,S7787,97,2,11,1,07,31,555410,467110,0,,,,1,,1,166,165,3,,,,R,13,1,3.0,LTS,2000
00IN02055,1997107788,S7788,10,S7788,97,2,18,1,43,42,559610,430010,7,,,,7,LIM,3,183,0,0,,97,0929,I,,,3.0,HAIRY,2000
00IN02056,1997107789,S7789,10,S7789,97,2,18,1,43,42,559610,430010,7,,NN,,1,LIM,3,171,159,2,,,,I,52,1,3.0,,2000
00IN02057,1997107790,S7790,10,S7790,97,2,13,1,43,e.1,619510,669510,0,,,,1,,2,206,191,2,,,,M,31,1,3.0,COW,2000
00IN02058,1997107792,S7792,10,S7792,97,2,18,1,07,45,587210,337910,7,,NN,,1,LIM,3,174,179,2,,,,I,53,1,3.0,,2000
00IN02059,1997107797,S7797,10,S7797,97,2,12,1,07,89,551910,259010,0,,,,1,,1,176,174,2,,,,C,85,1,3.0,,2000
00IN02060,1997107798,S7798,10,S7798,97,2,10,1,07,21,556110,451710,0,,,,1,,2,191,164,4,,,,M,24,1,3.0,4TEATS,2000
00IN02061,1997107802,S7802,10,S7802,97,2,18,1,07,e.0,559010,736610,7,,NN,,1,LIM,3,156,152,2,,,,F,51,1,3.0,"B5-6/98,109#",2000
00IN02062,1997107803,S7803,10,S7803,97,2,11,1,42,34,629010,052610,0,,,,1,,1,156,162,3,,,,R,11,1,3.0,SAVE,2000
00IN02063,1997107816,S7816,10,S7816,97,2,13,1,42,42,559610,441010,0,,,,1,,1,166,172,2,,,,F,32,1,3.0,HAIRY,2000
00IN02064,1997107828,S7828,10,S7828,97,2,10,1,07,24,597610,074010,0,,,,1,,1,190,175,2,,,,M,21,1,3.0,,2000
00IN02065,1997107840,S7840,10,S7840,97,2,12,1,43,90,626210,604510,0,,,,1,,2,174,135,1,,,,C,86,1,3.0,,2000
00IN02066,1997107841,S7841,10,S7841,97,2,13,1,42,41,586610,641210,0,,,,1,,1,181,160,6,,,,F,33,1,3.0,LTS,2000
00IN02067,1997107842,S7842,10,S7842,97,1,13,1,43,42,559610,304510,0,,,,3,,M,207,232,0,,93,0812,F,,,3.0,,2000
00IN02068,1997107849,S7849,10,S7849,97,2,11,1,07,32,616910,279410,0,,,,1,,2,170,157,2,,,,R,14,1,3.0,,2000
00IN02069,1997107852,S7852,10,S7852,97,2,11,1,07,34,629010,577810,0,,,,1,,2,156,164,2,,,,R,11,1,3.0,,2000
00IN02070,1997107853,S7853,10,S7853,97,1,13,1,43,42,559610,453610,0,,,,2,179,M,239,263,0,,92,0921,F,,,3.0,,2000
00IN02071,1997107857,S7857,10,S7857,97,2,10,1,43,22,602910,483310,0,,,,U,,5,189,200,2,,,,M,U,A,3.0,"VLTS, X",2000
00IN02072,1997107862,S7862,10,S7862,97,2,12,1,07,89,551910,570810,0,,,,1,,2,167,163,2,,,,C,87,1,3.0,,2000
00IN02073,1997107863,S7863,10,S7863,97,2,12,1,07,83,570610,595310,0,,,,1,,1,182,166,2,,,,C,88,1,3.0,,2000
00IN02074,1997107866,S7866,10,S7866,97,2,10,1,07,21,556110,616410,0,,,,6,,*,0,0,0,,20,0411,M,,,3.0,"KETOSIS, DEAD",2000
00IN02075,1997107868,S7868,10,S7868,97,2,18,1,07,45,587210,224010,2,,,,6,OVX,*,0,0,0,X,95,0801,I,,,3.0,BARREN,2000
00IN02076,1997107869,S7869,10,S7869,97,2,13,1,43,41,586610,282910,0,,,,U,,2,171,166,2,,,,F,U,A,3.0,L.TEAT??,2000
00IN02077,1997107873,S7873,10,S7873,97,2,13,1,43,42,559610,191910,0,,,,1,,2,162,172,4,,,,F,33,1,3.0,SW.BAG,2000
00IN02078,1997107889,S7889,10,S7889,97,2,11,1,07,32,616910,237810,0,,,,1,,1,185,191,2,,,,R,14,1,3.0,,2000
00IN02079,1997107890,S7890,10,S7890,97,2,11,1,07,32,616910,237810,0,,,,1,,1,165,178,2,,,,R,14,1,3.0,TORN EAR,2000
00IN02080,1997107891,S7891,10,S7891,97,2,11,1,07,33,620410,489810,0,,,,1,,1,192,176,2,,,,R,12,1,3.0,,2000
00IN02081,1997107893,S7893,10,S7893,97,2,13,1,43,43,635910,359810,0,,,,3,,H,150,158,11,,93,1002,F,,,3.0,"X,MASTITIS L",2000
00IN02082,1997107906,S7906,10,S7906,97,2,12,1,07,86,637510,487610,0,,,,1,,1,175,162,2,,,,C,89,1,3.0,L.BLOODY MILK,2000
00IN02083,1997107912,S7912,10,S7912,97,2,13,1,43,44,634110,297110,0,,,,U,,1,148,151,2,,,,F,U,A,3.0,"HAIRY, 56'S X",2000
00IN02084,1997107913,S7913,10,S7913,97,2,13,1,43,44,634110,297110,0,,,,1,,2,153,156,3,,,,F,32,1,3.0,,2000
00IN02085,1997107916,S7916,10,S7916,97,2,18,1,07,e.0,559010,694910,7,,NN,,1,LIM,3,161,165,3,,,,R,52,1,3.0,,2000
00IN02086,1997107918,S7918,10,S7918,97,2,18,1,07,e.3,616810,678810,7,,,,6,LIM,3,155,0,0,,04,0713,R,,,3.0,,2000
00IN02087,1997107921,S7921,10,S7921,97,2,18,1,07,45,587210,232510,7,,NN,,1,LIM,3,170,175,2,,,,I,53,1,3.0,,2000
00IN02088,1997107922,S7922,10,S7922,97,2,12,1,42,82,619310,068810,0,,,,1,,2,160,144,5,,,,C,90,1,3.0,ENTR,2000
00IN02089,1997107928,S7928,10,S7928,97,2,11,1,07,33,620410,471510,0,,,,1,,2,147,145,2,,,,R,11,1,3.0,4TEATS,2000
00IN02090,1997107936,S7936,10,S7936,97,2,11,1,07,31,555410,164010,0,,NN,,1,,2,155,163,2,,,,R,51,1,3.0,ENTR,2000
00IN02091,1997107940,S7940,10,S7940,97,2,10,1,07,e.2,574010,730410,0,,,,1,,2,162,148,2,,,,M,22,1,3.0,NICE=LINE10,2000
00IN02092,1997107947,S7947,10,S7947,97,2,12,1,43,88,554610,567410,0,,,,1,,1,164,160,2,,,,C,91,1,3.0,,2000
00IN02093,1997107948,S7948,10,S7948,97,2,13,1,43,44,634110,239910,0,,,,3,,H,193,190,2,,93,1002,F,,,3.0,RUPTURE X,2000
00IN02094,1997107950,S7950,10,S7950,97,2,12,1,07,91,586010,472810,0,,,,1,,1,214,188,5,,,,C,80,1,3.0,,2000
00IN02095,1997107951,S7951,10,S7951,97,2,12,1,07,91,586010,472810,0,,,,1,,2,182,178,2,,,,C,81,1,3.0,,2000
00IN02096,1997107955,S7955,10,S7955,97,2,18,1,07,43,635910,234010,7,,NN,,1,LIM,3,161,149,2,,,,I,52,1,3.0,,2000
00IN02097,1997107956,S7956,10,S7956,97,2,11,1,07,33,620410,481010,0,,,,U,,2,160,146,2,,,,R,U,A,3.0,BLK.SPOT,2000
00IN02098,1997107958,S7958,10,S7958,97,2,12,1,42,86,637510,082310,0,,,,1,,2,181,162,2,,,,C,82,1,3.0,,2000
00IN02099,1997107975,S7975,10,S7975,97,2,10,1,07,23,589110,397010,0,,,,U,,5,183,194,1,,,,M,U,A,3.0,,2000
00IN02100,1997107984,S7984,10,S7984,97,2,13,1,43,44,634110,246510,0,,,,1,,1,167,179,2,,,,F,33,1,3.0,ENTR,2000
00IN02101,1997107985,S7985,10,S7985,97,2,13,1,43,44,634110,246510,0,,,,U,,1,153,168,2,,,,F,U,A,3.0,"DYSTOCIA,WEAK",2000
00IN02102,1997107986,S7986,10,S7986,97,2,11,1,07,31,555410,519610,0,,,,3,,1,167,163,4,,93,1002,R,,,3.0,LTS,2000
00IN02103,1997107987,S7987,10,S7987,97,2,11,1,07,31,555410,519610,0,,,,1,,1,157,155,2,,,,R,12,1,3.0,,2000
00IN02104,1997107996,S7996,10,S7996,97,2,10,1,07,22,602910,553110,0,,,,6,,2,161,0,0,,32,0524,M,,,3.0,,2000
00IN02105,1997108008,S8008,10,S8008,97,1,13,1,43,44,634110,584510,0,,,,3,,M,253,269,0,,93,0812,F,,,3.0,,2000
00IN02106,1997108012,S8012,10,S8012,97,2,12,1,07,86,637510,439610,0,,,,1,,1,155,153,2,,,,C,83,1,3.0,,2000
00IN02107,1997108017,S8017,10,S8017,97,2,11,1,07,33,620410,161110,0,,,,1,,2,164,149,3,,,,R,14,1,3.0,SW.BAG,2000
00IN02108,1997108019,S8019,10,S8019,97,2,10,1,07,24,597610,620810,0,,,,3,,1,189,176,13,,93,1002,M,,,3.0,,2000
00IN02109,1997108035,S8035,10,S8035,97,2,18,1,43,e.3,616810,699310,7,,NN,,1,LIM,3,176,176,2,,,,C,53,1,3.0,,2000
00IN02110,1997108039,S8039,10,S8039,97,2,10,1,07,24,597610,518010,0,,,,U,,2,189,181,2,,,,M,U,A,3.0,,2000
00IN02111,1997108050,S8050,10,S8050,97,1,10,1,43,23,589110,481710,0,,,,3,,M,236,265,0,,93,0812,M,,,3.0,,2000
00IN02112,1997108052,S8052,10,S8052,97,2,18,1,07,45,587210,311910,7,,NN,,1,LIM,3,165,178,2,,,,I,51,1,3.0,,2000
00IN02113,1997108056,S8056,10,S8056,97,2,13,1,42,43,635910,044010,0,,,,1,,1,161,167,2,,,,F,31,1,3.0,HAIRY,2000
00IN02114,1997108070,S8070,10,S8070,97,2,12,1,43,91,586010,208910,0,,,,3,,2,141,160,12,,93,1002,C,,,3.0,,2000
00IN02115,1997108086,S8086,10,S8086,97,2,10,1,07,23,589110,060610,0,,,,6,,2,170,128,13,,05,0911,M,,,3.0,BLUEBAG,2000
00IN02116,1997108090,S8090,10,S8090,97,2,13,1,07,43,635910,155610,0,,,,1,,2,167,152,2,,,,F,34,1,3.0,4TEATS,2000
00IN02117,1997108091,S8091,10,S8091,97,2,13,1,07,43,635910,155610,0,,,,1,,2,161,149,2,,,,F,31,1,3.0,LTS,2000
00IN02118,1997108092,S8092,10,S8092,97,2,13,1,43,42,559610,627210,0,,,,1,,2,180,183,2,,,,F,32,1,3.0,4TEATS,2000
00IN02119,1997108102,S8102,10,S8102,97,2,12,1,07,84,575210,042010,0,,,,U,,1,167,174,2,,,,C,U,A,3.0,,2000
00IN02120,1997108103,S8103,10,S8103,97,2,11,1,07,33,620410,578410,0,,,,1,,1,169,177,3,,,,R,11,1,3.0,,2000
00IN02121,1997108106,S8106,10,S8106,97,2,18,1,43,44,634110,265510,7,,NN,,1,LIM,3,151,157,2,,,,I,52,1,3.0,,2000
00IN02122,1997108121,S8121,10,S8121,97,2,13,1,43,44,634110,607810,0,,,,1,,1,135,140,2,,,,F,32,1,3.0,ENTR,2000
00IN02123,1997108125,S8125,10,S8125,97,2,10,1,07,24,597610,080210,0,,,,1,,2,160,158,2,,,,M,23,1,3.0,,2000
00IN02124,1997108129,S8129,10,S8129,97,2,10,1,43,23,589110,516410,0,,,,1,,1,172,181,2,,,,M,24,1,3.0,,2000
00IN02125,1997108131,S8131,10,S8131,97,2,13,1,43,41,586610,053610,0,,,,7,,1,136,0,0,,97,0915,F,,,3.0,SCURS,2000
00IN02126,1997108135,S8135,10,S8135,97,2,18,1,07,e.0,559010,715710,7,,,,U,LIM,5,152,177,1,,,,R,U,A,3.0,,2000
00IN02127,1997108138,S8138,10,S8138,97,1,13,1,42,41,586610,467410,2,,,,3,LIB,*,0,0,0,X,93,0306,F,,,3.0,,2000
00IN02128,1997108141,S8141,10,S8141,97,2,13,1,07,43,635910,565010,0,,NN,,1,,2,168,153,3,,,,F,53,1,3.0,,2000
00IN02129,1997108145,S8145,10,S8145,97,2,11,1,07,32,616910,065710,0,,,,1,,2,180,182,2,,,,R,13,1,3.0,DYSTOCIA,2000
00IN02130,1997108148,S8148,10,S8148,97,2,11,1,07,32,616910,065710,0,,,,1,,1,187,174,4,,,,R,13,1,3.0,,2000
00IN02131,1997108151,S8151,10,S8151,97,2,13,1,43,42,559610,268610,0,,,,U,,1,187,187,2,,,,F,U,A,3.0,4TEATS,2000
00IN02132,1997108152,S8152,10,S8152,97,1,10,1,07,22,602910,528810,0,,,,3,,M,245,265,0,,93,0812,M,,,3.0,,2000
00IN02133,1997108158,S8158,10,S8158,97,2,13,1,43,44,634110,565110,0,,NN,,1,,1,155,148,2,,,,F,51,1,3.0,,2000
00IN02134,1997108161,S8161,10,S8161,97,2,13,1,42,42,559610,079510,0,,,,1,,1,204,207,2,,,,F,34,1,3.0,NICE,2000
00IN02135,1997108170,S8170,10,S8170,97,2,12,1,07,81,630810,461610,0,,,,U,,1,137,153,1,,,,C,U,A,3.0,,2000
00IN02136,1997108177,S8177,10,S8177,97,2,18,1,07,45,587210,387010,7,,,,K,LIM,K,145,0,0,,,,I,KNA,3,3.0,,2000
00IN02137,1997108179,S8179,10,S8179,97,2,18,1,07,45,587210,387010,7,,NN,,1,LIM,3,171,158,3,,,,I,52,1,3.0,dup8175?,2000
00IN02138,1997108180,S8180,10,S8180,97,2,11,1,07,32,616910,495610,0,,,,1,,1,157,161,2,,,,R,14,1,3.0,ENTR,2000
00IN02139,1997108182,S8182,10,S8182,97,2,18,1,07,e.3,616810,665010,7,,NN,,1,LIM,3,170,172,2,,,,F,53,1,3.0,,2000
00IN02140,1997108184,S8184,10,S8184,97,1,11,1,43,34,629010,447810,2,,,,3,LIB,*,0,0,0,1,,,R,,,3.0,Save 1998sale,2000
00IN02141,1997108187,S8187,10,S8187,97,2,10,1,07,21,556110,591310,0,,,,1,,2,167,154,2,,,,M,22,1,3.0,,2000
00IN02142,1997108188,S8188,10,S8188,97,2,10,1,07,21,556110,532610,0,,,,1,,1,189,183,2,,,,M,23,1,3.0,4TEATS,2000
00IN02143,1997108194,S8194,10,S8194,97,2,11,1,07,32,616910,555210,0,,,,1,,2,126,136,3,,,,R,11,1,3.0,THIN 4/99,2000
00IN02144,1997108197,S8197,10,S8197,97,2,11,1,07,33,620410,290110,0,,,,1,,2,143,143,2,,,,R,12,1,3.0,,2000
00IN02145,1997108201,S8201,10,S8201,97,2,12,1,43,82,619310,461910,0,,,,6,,*,0,0,0,,50,0308,C,,,3.0,,2000
00IN02146,1997108206,S8206,10,S8206,97,2,12,1,07,86,637510,312010,0,,,,U,,2,159,149,2,,,,C,U,A,3.0,,2000
00IN02147,1997108207,S8207,10,S8207,97,2,11,1,07,31,555410,624910,0,,,,6,,1,180,153,13,,05,0919,R,,,3.0,BLUEBAG,2000
00IN02148,1997108212,S8212,10,S8212,97,2,13,1,42,41,586610,249310,0,,,,1,,2,146,157,2,,,,F,31,1,3.0,,2000
00IN02149,1997108222,S8222,10,S8222,97,2,13,1,43,43,635910,461810,0,,,,1,,2,185,170,2,,,,F,34,1,3.0,"WILD,FIX ETAG",2000
00IN02150,1997108225,S8225,10,S8225,97,2,12,1,42,90,626210,508810,0,,,,1,,1,155,159,2,,,,C,84,1,3.0,,2000
00IN02151,1997108250,S8250,10,S8250,97,2,10,1,07,24,597610,093210,0,,,,6,,2,181,0,0,,04,0906,M,,,3.0,,2000
00IN02152,1997108263,S8263,10,S8263,97,2,10,1,07,24,597610,162210,0,,,,1,,2,159,161,2,,,,M,21,1,3.0,4TEATS,2000
00IN02153,1997108264,S8264,10,S8264,97,2,10,1,07,24,597610,162210,0,,,,1,,1,141,138,2,,,,M,24,1,3.0,HAIRY,2000
00IN02154,1997108273,S8273,10,S8273,97,1,12,1,07,91,586010,575810,2,,,,3,LIB,*,0,0,0,X,93,0306,C,,,3.0,,2000
00IN02155,1997108280,S8280,10,S8280,97,2,12,1,43,88,554610,603710,0,,,,1,,1,159,156,2,,,,C,85,1,3.0,,2000
00IN02156,1997108289,S8289,10,S8289,97,2,13,1,07,43,635910,486810,0,,,,1,,1,157,155,2,,,,F,34,1,3.0,SUCK1SIDE,2000
00IN02157,1997108299,S8299,10,S8299,97,2,12,1,43,89,551910,182910,0,,,,U,,1,161,177,11,,95,1211,C,U,A,3.0,4TEATS,2000
00IN02158,1997108305,S8305,10,S8305,97,1,11,1,07,34,629010,491110,2,,,,3,LIB,*,0,0,0,X,93,0306,R,,,3.0,,2000
00IN02159,1997108309,S8309,10,S8309,97,2,18,1,07,45,587210,227710,7,,NN,,1,LIM,3,175,183,2,,,,I,51,1,3.0,,2000
00IN02160,1997108326,S8326,10,S8326,97,2,11,1,07,34,629010,069010,0,,,,1,,1,153,164,4,,,,R,12,1,3.0,ENTR,2000
00IN02161,1997108331,S8331,10,S8331,97,2,11,1,07,34,629010,485010,0,,,,6,,*,0,0,0,,86,0405,R,,,3.0,PARALYZED,2000
00IN02162,1997108370,S8370,10,S8370,97,2,18,1,07,43,635910,433710,7,,NN,,1,LIM,3,150,138,2,,,,I,52,1,3.0,,2000
00IN02163,1997108375,S8375,10,S8375,97,2,10,1,07,22,602910,141310,0,,,,1,,1,172,162,2,,,,M,21,1,3.0,,2000
00IN02164,1997108380,S8380,10,S8380,97,2,10,1,07,22,602910,084510,0,,,,1,,1,167,163,2,,,,M,23,1,3.0,,2000
00IN02165,1997108381,S8381,10,S8381,97,2,10,1,07,22,602910,084510,0,,,,1,,1,152,154,2,,,,M,21,1,3.0,,2000
00IN02166,1997108382,S8382,10,S8382,97,2,10,1,07,23,589110,471010,0,,,,1,,1,157,171,2,,,,M,22,1,3.0,,2000
00IN02167,1997108388,S8388,10,S8388,97,2,12,1,43,86,637510,253510,0,,,,1,,1,183,180,3,,,,C,86,1,3.0,,2000
00IN02168,1997108393,S8393,10,S8393,97,2,18,1,07,45,587210,400210,7,,NN,,1,LIM,3,168,162,2,,,,I,53,1,3.0,4TEATS,2000
00IN02169,1997108394,S8394,10,S8394,97,2,12,1,42,89,551910,051210,0,,,,1,,2,182,182,2,,,,C,87,1,3.0,VLT @RIGHT,2000
00IN02170,1997108402,S8402,10,S8402,97,2,11,1,07,33,620410,508610,0,,,,U,,1,158,144,3,,,,R,U,A,3.0,"ENTR,4TEATS",2000
00IN02171,1997108407,S8407,10,S8407,97,2,18,1,43,42,559610,227110,7,,NN,,1,LIM,3,175,176,2,,,,I,51,1,3.0,4TEATS,2000
00IN02172,1997108417,S8417,10,S8417,97,2,18,1,07,e.3,616810,723410,7,,NN,,1,LIM,3,167,159,2,,,,M,52,1,3.0,,2000
00IN02173,1997108430,S8430,10,S8430,97,2,11,1,07,32,616910,476310,0,,,,1,,1,164,163,2,,,,R,13,1,3.0,,2000
00IN02174,1997108433,S8433,10,S8433,97,2,10,1,07,24,597610,043910,0,,,,1,,1,160,157,2,,,,M,24,1,3.0,,2000
00IN02175,1997108435,S8435,10,S8435,97,2,12,1,07,87,564010,470310,0,,,,1,,2,150,159,2,,,,C,88,1,3.0,,2000
00IN02176,1997108437,S8437,10,S8437,97,2,10,1,43,21,556110,473710,0,,,,1,,1,198,204,2,,,,M,22,1,3.0,4TEATS,2000
00IN02177,1997108438,S8438,10,S8438,97,2,10,1,43,21,556110,473710,0,,,,1,,1,186,184,3,,,,M,24,1,3.0,DYSTOCIA,2000
00IN02178,1997108439,S8439,10,S8439,97,2,18,1,07,45,587210,310810,7,,NN,,1,LIM,3,189,188,4,,,,I,53,1,3.0,,2000
00IN02179,1997108443,S8443,10,S8443,97,2,11,1,07,34,629010,088810,0,,,,1,,1,165,164,2,,,,R,11,1,3.0,,2000
00IN02180,1997108444,S8444,10,S8444,97,1,10,1,43,24,597610,317410,2,,,,3,LIB,*,0,0,0,X,93,0306,M,,,3.0,H7,2000
00IN02181,1997108452,S8452,10,S8452,97,2,10,1,07,23,589110,591710,0,,,,U,,1,187,159,2,,,,M,U,A,3.0,,2000
00IN02182,1997108458,S8458,10,S8458,97,2,13,1,42,41,586610,231810,0,,NN,,1,,2,185,175,5,,,,F,51,1,3.0,,2000
00IN02183,1997108461,S8461,10,S8461,97,2,13,1,43,43,635910,148110,0,,,,1,,1,163,160,2,,,,F,31,1,3.0,4TEATS,2000
00IN02184,1997108465,S8465,10,S8465,97,2,11,1,07,32,616910,455710,0,,,,1,,2,157,168,3,,,,R,14,1,3.0,,2000
00IN02185,1997108468,S8468,10,S8468,97,2,18,1,43,e.3,616810,690710,7,,,,7,LIM,3,170,0,0,,97,0929,M,,,3.0,,2000
00IN02186,1997108469,S8469,10,S8469,97,2,12,1,42,83,570610,038910,0,,,,1,,1,146,156,2,,,,C,89,1,3.0,,2000
00IN02187,1997108478,S8478,10,S8478,97,2,13,1,42,42,559610,638410,0,,,,1,,1,193,175,2,,,,F,33,1,3.0,,2000
00IN02188,1997108487,S8487,10,S8487,97,2,12,1,42,85,596110,517810,0,,,,1,,2,151,157,2,,,,C,90,1,3.0,EPISIOTOMY,2000
00IN02189,1997108488,S8488,10,S8488,97,2,12,1,07,83,570610,236510,0,,,,1,,2,209,189,2,,,,C,80,1,3.0,UT.INFECTION,2000
00IN02190,1997108497,S8497,10,S8497,97,2,10,1,07,23,589110,442410,0,,,,U,,2,168,168,11,,,,M,U,A,3.0,"MASTITIS,L.",2000
00IN02191,1997108498,S8498,10,S8498,97,2,13,1,43,44,634110,462810,0,,,,1,,2,143,144,2,,,,F,32,1,3.0,,2000
00IN02192,1997108512,S8512,10,S8512,97,2,13,1,43,43,635910,443810,0,,NN,,1,,1,131,143,2,,,,F,52,1,3.0,SUCK1SIDE,2000
00IN02193,1997108513,S8513,10,S8513,97,2,18,1,43,e.2,574010,667310,7,,NN,,1,LIM,3,157,156,2,,,,C,53,1,3.0,,2000
00IN02194,1997108524,S8524,10,S8524,97,1,11,1,07,32,616910,584210,2,,,,3,LIB,*,0,0,0,1,,,R,,,3.0,,2000
00IN02195,1997108537,S8537,10,S8537,97,2,12,1,42,82,619310,230610,0,,,,1,,1,172,147,1,,,,C,91,1,3.0,,2000
00IN02196,1997108548,S8548,10,S8548,97,2,12,1,07,84,575210,597110,0,,,,1,,1,179,180,2,,,,C,81,1,3.0,,2000
00IN02197,1997108565,S8565,10,S8565,97,2,13,1,42,42,559610,524610,0,,,,1,,2,186,175,2,,,,F,33,1,3.0,FLTS,2000
00IN02198,1997108569,S8569,10,S8569,97,2,13,1,43,41,586610,440310,0,,,,1,,1,178,169,1,,,,F,31,1,3.0,4TEATS,2000
00IN02199,1997108570,S8570,10,S8570,97,2,13,1,43,41,586610,440310,0,,NN,,1,,1,180,172,5,,,,F,51,1,3.0,,2000
00IN02200,1997108576,S8576,10,S8576,97,1,12,1,43,81,630810,561210,2,,,,3,LIB,*,0,0,0,X,93,0306,C,,,3.0,H6,2000
00IN02201,1997108585,S8585,10,S8585,97,2,18,1,43,41,586610,429510,7,,,,6,LIM,*,0,0,0,,10,0312,I,,,3.0,COYOTE,2000
00IN02202,1997108600,S8600,10,S8600,97,2,13,1,42,44,634110,471310,0,,,,1,,1,143,160,4,,,,F,32,1,3.0,LTS,2000
00IN02203,1997108608,S8608,10,S8608,97,2,11,1,07,32,616910,553610,0,,,,1,,1,172,178,2,,,,R,13,1,3.0,LAME REAR '99,2000
00IN02204,1997108609,S8609,10,S8609,97,2,13,1,43,42,559610,565510,0,,,,1,,2,165,174,2,,,,F,33,1,3.0,HAIRY,2000
00IN02205,1997108613,S8613,10,S8613,97,2,12,1,07,87,564010,078710,0,,,,1,,1,149,158,4,,,,C,83,1,3.0,DYSTOCIA,2000
00IN02206,1997108615,S8615,10,S8615,97,2,11,1,07,33,620410,613110,0,,,,1,,1,156,167,2,,,,R,12,1,3.0,,2000
00IN02207,1997108619,S8619,10,S8619,97,2,18,1,07,e.0,559010,667910,7,,NN,,1,LIM,3,164,184,2,,,,R,52,1,3.0,,2000
00IN02208,1997108621,S8621,10,S8621,97,1,12,1,43,91,586010,448510,2,,,,3,LIB,*,0,0,0,X,93,0306,C,,,3.0,,2000
00IN02209,1997108625,S8625,10,S8625,97,2,10,1,42,22,602910,059710,0,,,,1,,2,177,153,2,,,,M,23,1,3.0,4TEATS,2000
00IN02210,1997108643,S8643,10,S8643,97,2,12,1,43,81,630810,229910,0,,NN,,1,,1,162,167,2,,,,C,53,1,3.0,,2000
00IN02211,1997108647,S8647,10,S8647,97,2,18,1,07,e.3,616810,675610,7,,NN,,1,LIM,3,169,169,2,,,,M,51,1,3.0,,2000
00IN02212,1997108652,S8652,10,S8652,97,2,12,1,07,85,596110,486510,0,,,,1,,1,162,172,2,,,,C,82,1,3.0,DYSTOCIA,2000
00IN02213,1997108656,S8656,10,S8656,97,2,12,1,43,80,627810,452210,0,,,,1,,1,167,173,2,,,,C,84,1,3.0,4TEATS,2000
00IN02214,1997108667,S8667,10,S8667,97,1,18,1,07,45,587210,339610,7,,,,3,GXE,M,229,268,0,,93,0812,I,,,3.0,,2000
00IN02215,1997108697,S8697,10,S8697,97,1,13,1,43,42,559610,474210,2,,,,3,LIB,*,0,0,0,X,93,0306,F,,,3.0,,2000
00IN02216,1997108699,S8699,10,S8699,97,2,18,1,07,e.0,559010,747010,7,,NN,,1,LIM,3,182,200,1,,,,M,52,1,3.0,NICE,2000
00IN02217,1997108743,S8743,10,S8743,97,2,11,1,07,31,555410,982519,0,,,,1,,1,182,180,2,,,,R,14,1,3.0,,2000
00IN02218,1997108826,S8826,10,S8826,97,1,18,1,07,45,587210,255910,2,,,,3,LIB,*,0,0,0,X,93,0306,I,,,3.0,,2000
00IN02219,1997108827,S8827,10,S8827,97,1,18,1,07,45,587210,255910,2,,,,3,LIB,*,0,0,0,X,93,0306,I,,,3.0,,2000
00IN02220,1997108831,S8831,10,S8831,97,2,10,1,07,22,602910,588710,0,,,,6,,*,0,0,0,,88,0404,M,,,3.0,"HYDROPS,DEAD",2000
00IN02221,1997108832,S8832,10,S8832,97,2,10,1,07,22,602910,588710,0,,,,1,,1,135,149,2,,,,M,21,1,3.0,,2000
00IN02222,1997108847,S8847,10,S8847,97,2,13,1,43,42,559610,601310,0,,,,1,,1,171,175,2,,,,F,32,1,3.0,4TEATS,2000
00IN02223,1997108851,S8851,10,S8851,97,2,11,1,07,33,620410,961019,0,,,,1,,2,180,165,3,,,,R,11,1,3.0,SW.BAG,2000
00IN02224,1997108855,S8855,10,S8855,97,2,13,1,42,41,586610,200410,2,,,,3,OVX,*,0,0,0,X,95,1206,F,,,3.0,BARREN,2000
00IN02225,1997108864,S8864,10,S8864,97,2,18,1,07,e.0,559010,683010,7,,NN,,1,LIM,3,158,161,2,,,,R,53,1,3.0,-MOTHERLY,2000
00IN02226,1997108866,S8866,10,S8866,97,2,10,1,07,23,589110,510110,0,,,,1,,1,165,154,4,,,,M,22,1,3.0,"RP, TRT",2000
00IN02227,1997108878,S8878,10,S8878,97,2,12,1,43,80,627810,034010,0,,,,1,,1,183,180,2,,,,C,85,1,3.0,,2000
00IN02228,1997108879,S8879,10,S8879,97,2,18,1,43,e.1,619510,704010,2,,,,3,OVX,*,0,0,0,X,,,I,,,3.0,BARREN,2000
00IN02229,1997108880,S8880,10,S8880,97,2,18,1,07,e.0,559010,700410,7,,NN,,1,LIM,3,182,153,2,,,,M,51,1,3.0,4TEATS,2000
00IN02230,1997108896,S8896,10,S8896,97,2,10,1,07,22,602910,511110,0,,,,1,,1,179,166,2,,,,M,23,1,3.0,,2000
00IN02231,1997108897,S8897,10,S8897,97,2,10,1,07,24,597610,531210,0,,,,1,,1,182,185,2,,,,M,24,1,3.0,FAT,2000
00IN02232,1997108920,S8920,10,S8920,97,2,13,1,43,43,635910,284610,0,,,,1,,1,163,161,2,,,,F,34,1,3.0,,2000
00IN02233,1997108978,S8978,10,S8978,97,2,18,1,07,e.0,559010,734210,2,,,,3,OVX,*,0,0,0,X,,,R,,,3.0,BARREN,2000
00IN02234,1998108998,S8998,10,S8998,98,2,12,1,43,81,672910,605810,0,,,,3,,1,178,0,0,,93,0710,C,,,2.0,MASTITIS 6/00,2000
00IN02235,1998108999,S8999,10,S8999,98,2,11,1,07,11,728210,613610,0,,,,1,,1,177,173,2,,,,R,12,1,2.0,,2000
00IN02236,1998109005,S9005,10,S9005,98,2,11,1,07,14,697610,618310,0,,,,1,,1,153,160,2,,,,R,11,1,2.0,,2000
00IN02237,1998109011,S9011,10,S9011,98,2,10,1,43,22,700310,468710,0,,NN,,1,,1,175,177,2,,,,M,52,1,2.0,HAIRY,2000
00IN02238,1998109016,S9016,10,S9016,98,2,12,1,07,80,669610,461910,0,,,,1,,1,151,146,2,,,,C,86,1,2.0,,2000
00IN02239,1998109020,S9020,10,S9020,98,2,12,1,07,82,675110,474510,0,,,,1,,2,152,137,2,,,,C,87,1,2.0,,2000
00IN02240,1998109022,S9022,10,S9022,98,2,12,1,43,85,657510,673910,0,,,,1,,1,164,143,1,,,,C,88,1,2.0,,2000
00IN02241,1998109028,S9028,10,S9028,98,1,11,1,07,14,697610,553910,0,,,,3,VAS,M,177,207,0,X,,,R,,,2.0,VASCECTOMY,2000
00IN02242,1998109036,S9036,10,S9036,98,2,11,1,07,12,669110,632810,0,,,,1,,2,161,163,2,,,,R,13,1,2.0,,2000
00IN02243,1998109037,S9037,10,S9037,98,1,11,1,07,12,669110,505910,0,,,,3,,M,201,233,0,,93,0812,R,,,2.0,WRINKLES,2000
00IN02244,1998109039,S9039,10,S9039,98,1,11,1,07,12,669110,505910,0,,,,3,  X,M,220,243,0,,93,1002,R,,,2.0,"X,H7, BRITCHY",2000
00IN02245,1998109041,S9041,10,S9041,98,2,10,1,43,23,714610,725810,0,,NN,,1,,1,175,172,2,,,,M,53,1,2.0,F4-,2000
00IN02246,1998109049,S9049,10,S9049,98,1,13,1,43,32,677210,468810,0,,,,2,171,M,196,231,0,,92,0921,F,,,2.0,,2000
00IN02247,1998109057,S9057,10,S9057,98,2,12,1,07,84,706510,670010,0,,,,3,,2,149,142,13,,93,1002,C,,,2.0,BLUEBAG X,2000
00IN02248,1998109061,S9061,10,S9061,98,2,10,1,43,21,752910,735310,0,,,,3,,1,171,0,0,,93,0710,M,,,2.0,DROPS OUT,2000
00IN02249,1998109063,S9063,10,S9063,98,2,13,1,43,32,677210,672110,0,,,,K,,K,150,0,0,,,,F,KNA,3,2.0,NO BAG X,2000
00IN02250,1998109069,S9069,10,S9069,98,1,12,1,07,90,669210,589810,0,,,,2,167,M,200,234,0,,92,0921,C,,,2.0,,2000
00IN02251,1998109073,S9073,10,S9073,98,2,11,1,07,12,669110,472410,0,,,,1,,2,150,164,2,,,,R,14,1,2.0,,2000
00IN02252,1998109084,S9084,10,S9084,98,2,11,1,43,12,669110,237910,0,,,,1,,2,141,148,2,,,,R,11,1,2.0,,2000
00IN02253,1998109090,S9090,10,S9090,98,2,13,1,43,32,677210,758310,0,,,,1,,1,167,184,2,,,,F,34,1,2.0,4TEATS,2000
00IN02254,1998109091,S9091,10,S9091,98,1,11,1,07,13,687710,628210,0,,,,2,163,M,208,246,0,,92,0921,R,,,2.0,"H4, JAW3",2000
00IN02255,1998109094,S9094,10,S9094,98,1,11,1,07,12,669110,447410,2,,,,3,LIB,*,0,0,0,H,93,0317,R,,,2.0,"++WOOL,DUD",2000
00IN02256,1998109099,S9099,10,S9099,98,2,11,1,07,14,697610,293410,0,,,,1,,2,153,156,2,,,,R,14,1,2.0,,2000
00IN02257,1998109100,S9100,10,S9100,98,1,11,1,07,13,687710,715710,2,,,,6,LIB,*,0,0,0,1,01,0225,R,,,2.0,DUD,2000
00IN02258,1998109101,S9101,10,S9101,98,1,11,1,07,14,697610,742710,0,,,,3,,M,190,221,0,,93,0812,R,,,2.0,H7,2000
00IN02259,1998109102,S9102,10,S9102,98,2,11,1,07,14,697610,742710,0,,,,U,,1,174,162,2,,,,R,U,A,2.0,HAIRY,2000
00IN02260,1998109105,S9105,10,S9105,98,1,10,1,07,23,714610,588710,0,,,,2,164,M,201,242,0,,92,0921,M,,,2.0,FIX BIG TAG**,2000
00IN02261,1998109107,S9107,10,S9107,98,1,12,1,43,91,679910,482110,2,,,,3,LIB,*,0,0,0,X,93,0306,C,,,2.0,"F5+,DUD",2000
00IN02262,1998109116,S9116,10,S9116,98,2,11,1,07,13,687710,591610,0,,,,1,,1,165,168,2,,,,R,13,1,2.0,ENTR,2000
00IN02263,1998109121,S9121,10,S9121,98,2,12,1,07,83,701310,301510,0,,,,1,,1,159,162,2,,,,C,89,1,2.0,DYSTOCIA ok,2000
00IN02264,1998109124,S9124,10,S9124,98,2,13,1,07,33,712410,297110,0,,,,1,,1,151,162,2,,,,F,31,1,2.0,WEAK LR LEG,2000
00IN02265,1998109125,S9125,10,S9125,98,2,11,1,07,13,687710,553210,0,,,,1,,1,155,161,2,,,,R,14,1,2.0,,2000
00IN02266,1998109133,S9133,10,S9133,98,2,11,1,07,13,687710,624910,0,,NN,,1,,1,139,154,2,,,,R,54,1,2.0,,2000
00IN02267,1998109134,S9134,10,S9134,98,1,11,1,07,13,687710,624910,0,,,,2,165,M,184,216,0,,92,0921,R,,,2.0,,2000
00IN02268,1998109139,S9139,10,S9139,98,2,13,1,43,33,712410,245110,0,,,,1,,1,172,176,3,,,,F,33,1,2.0,,2000
00IN02269,1998109140,S9140,10,S9140,98,2,13,1,43,33,712410,245110,0,,,,U,,2,164,174,2,,,,F,U,A,2.0,4TEATS,2000
00IN02270,1998109141,S9141,10,S9141,98,2,13,1,42,31,747210,466910,0,,,,1,,2,136,149,2,,,,F,34,1,2.0,REAR LEGS ??,2000
00IN02271,1998109145,S9145,10,S9145,98,2,10,1,43,23,714610,662710,0,,NN,,1,,2,163,161,2,,,,M,52,1,2.0,,2000
00IN02272,1998109161,S9161,10,S9161,98,1,10,1,43,21,752910,442410,0,,,,2,178,M,224,256,0,,92,0921,M,,,2.0,H7,2000
00IN02273,1998109166,S9166,10,S9166,98,1,13,1,43,32,677210,641210,0,,,,2,173,M,217,259,0,,92,0921,F,,,2.0,NICE,2000
00IN02274,1998109167,S9167,10,S9167,98,2,10,1,43,23,714610,724910,0,,,,1,,2,159,153,2,,,,M,21,1,2.0,,2000
00IN02275,1998109169,S9169,10,S9169,98,2,12,1,07,88,716810,754210,0,,,,1,,2,169,150,2,,,,C,90,1,2.0,4TEATS,2000
00IN02276,1998109175,S9175,10,S9175,98,2,10,1,07,22,700310,480110,0,,,,1,,1,135,143,2,,,,M,21,1,2.0,,2000
00IN02277,1998109179,S9179,10,S9179,98,2,11,1,43,13,687710,557210,0,,,,1,,1,135,138,2,,,,R,11,1,2.0,4TEATS,2000
00IN02278,1998109181,S9181,10,S9181,98,2,12,1,07,90,669210,553410,0,,,,U,,1,145,158,11,,,,C,U,A,2.0,4TEATS,2000
00IN02279,1998109192,S9192,10,S9192,98,2,12,1,07,81,672910,627410,0,,,,1,,2,146,166,2,,,,C,91,1,2.0,,2000
00IN02280,1998109193,S9193,10,S9193,98,2,10,1,43,21,752910,659610,0,,,,1,,1,153,189,2,,,,M,24,1,2.0,4TEATS,2000
00IN02281,1998109197,S9197,10,S9197,98,1,12,1,07,87,684210,647710,2,,,,3,LIB,*,0,0,0,1,,,C,,,2.0,DUD,2000
00IN02282,1998109202,S9202,10,S9202,98,2,13,1,07,33,712410,574910,0,,,,1,,1,149,176,2,,,,F,31,1,2.0,,2000
00IN02283,1998109203,S9203,10,S9203,98,2,13,1,07,33,712410,574910,2,,,,3,OVX,*,0,0,0,X,,,F,,,2.0,"X,UT.PROLAPSE",2000
00IN02284,1998109206,S9206,10,S9206,98,2,13,1,43,34,718410,304510,0,,,,1,,1,165,151,2,,,,F,32,1,2.0,4TEATS,2000
00IN02285,1998109209,S9209,10,S9209,98,2,11,1,07,13,687710,448110,0,,,,1,,1,156,157,2,,,,R,12,1,2.0,4TEATS,2000
00IN02286,1998109210,S9210,10,S9210,98,2,10,1,07,23,714610,672410,0,,,,1,,2,136,143,2,,,,M,22,1,2.0,4TEATS,2000
00IN02287,1998109215,S9215,10,S9215,98,2,10,1,43,22,700310,497510,0,,,,1,,2,153,149,1,,,,M,23,1,2.0,,2000
00IN02288,1998109221,S9221,10,S9221,98,1,12,1,43,86,658110,229910,2,,,,3,LIB,*,0,0,0,1,,,C,,,2.0,"H5,DUD",2000
00IN02289,1998109225,S9225,10,S9225,98,2,10,1,43,23,714610,397010,0,,,,1,,1,163,177,1,,,,M,23,1,2.0,,2000
00IN02290,1998109228,S9228,10,S9228,98,2,13,1,42,34,718410,569010,0,,,,O,OVX,5,139,153,1,X,,,F,,,2.0,OVX,2000
00IN02291,1998109230,S9230,10,S9230,98,2,12,1,43,80,669610,230610,0,,,,1,,2,150,156,2,,,,C,80,1,2.0,GOOD,2000
00IN02292,1998109231,S9231,10,S9231,98,2,11,1,07,11,728210,481010,0,,NN,,1,,2,142,141,3,,,,R,53,1,2.0,ENTR,2000
00IN02293,1998109234,S9234,10,S9234,98,2,11,1,07,12,669110,451310,0,,,,1,,1,147,161,2,,,,R,13,1,2.0,,2000
00IN02294,1998109236,S9236,10,S9236,98,2,13,1,43,31,747210,670410,0,,,,1,,2,149,135,4,,,,F,33,1,2.0,,2000
00IN02295,1998109237,S9237,10,S9237,98,2,13,1,43,33,712410,689210,0,,,,1,,2,156,159,2,,,,F,34,1,2.0,"SUCK1SIDE,LT",2000
00IN02296,1998109242,S9242,10,S9242,98,2,10,1,43,23,714610,747010,0,,,,1,,1,136,169,2,,,,M,24,1,2.0,,2000
00IN02297,1998109246,S9246,10,S9246,98,2,12,1,07,87,684210,658710,0,,,,U,,2,125,138,9,,,,C,U,A,2.0,,2000
00IN02298,1998109250,S9250,10,S9250,98,1,13,1,43,34,718410,594710,0,,,,3,,M,208,233,0,,93,0812,F,,,2.0,H6,2000
00IN02299,1998109254,S9254,10,S9254,98,2,13,1,43,34,718410,722910,0,,,,1,,1,156,153,2,,,,F,31,1,2.0,DRY,2000
00IN02300,1998109256,S9256,10,S9256,98,2,10,1,07,23,714610,514410,0,,,,1,,1,171,164,2,,,,M,21,1,2.0,,2000
00IN02301,1998109257,S9257,10,S9257,98,2,12,1,43,91,679910,566610,0,,,,1,,2,142,153,1,,,,C,81,1,2.0,,2000
00IN02302,1998109264,S9264,10,S9264,98,1,11,1,07,11,728210,596710,0,,,,2,166,M,200,240,0,,92,0921,R,,,2.0,UGLY?,2000
00IN02303,1998109268,S9268,10,S9268,98,2,13,1,42,31,747210,443910,0,,,,1,,1,129,143,1,,,,F,32,1,2.0,,2000
00IN02304,1998109269,S9269,10,S9269,98,2,13,1,42,31,747210,443910,0,,,,1,,2,154,165,1,,,,F,33,1,2.0,,2000
00IN02305,1998109278,S9278,10,S9278,98,2,12,1,07,84,706510,490910,0,,,,1,,2,181,180,2,,,,C,82,1,2.0,DYSTOCIA'99,2000
00IN02306,1998109279,S9279,10,S9279,98,2,10,1,07,24,720810,633910,0,,,,1,,1,175,169,2,,,,M,24,1,2.0,,2000
00IN02307,1998109290,S9290,10,S9290,98,2,10,1,07,22,700310,141310,0,,,,U,,1,177,187,2,,,,M,U,A,2.0,,2000
00IN02308,1998109292,S9292,10,S9292,98,2,13,1,43,32,677210,681510,0,,,,1,,2,152,164,2,,,,F,34,1,2.0,,2000
00IN02309,1998109293,S9293,10,S9293,98,2,11,1,07,12,669110,583610,0,,,,1,,1,179,176,2,,,,R,14,1,2.0,FIX BIG TAGoo,2000
00IN02310,1998109294,S9294,10,S9294,98,2,11,1,07,12,669110,583610,0,,,,1,,2,149,163,2,,,,R,11,1,2.0,,2000
00IN02311,1998109310,S9310,10,S9310,98,2,11,1,43,14,697610,469110,0,,,,1,,2,141,146,2,,,,R,12,1,2.0,,2000
00IN02312,1998109314,S9314,10,S9314,98,2,13,1,43,32,677210,584810,0,,,,1,,2,156,152,2,,,,F,31,1,2.0,,2000
00IN02313,1998109315,S9315,10,S9315,98,2,13,1,43,32,677210,584810,0,,,,1,,1,158,167,2,,,,F,32,1,2.0,,2000
00IN02314,1998109319,S9319,10,S9319,98,2,13,1,07,32,677210,188910,0,,,,O,OVX,5,168,182,1,X,,,F,,,2.0,OVX,2000
00IN02315,1998109320,S9320,10,S9320,98,2,13,1,07,32,677210,188910,0,,,,1,,2,166,177,2,,,,F,33,1,2.0,F4-,2000
00IN02316,1998109322,S9322,10,S9322,98,2,10,1,07,22,700310,204910,0,,,,1,,1,152,157,2,,,,M,21,1,2.0,4TEATS,2000
00IN02317,1998109332,S9332,10,S9332,98,2,10,1,07,22,700310,257910,0,,,,1,,2,166,177,2,,,,M,22,1,2.0,,2000
00IN02318,1998109333,S9333,10,S9333,98,2,10,1,07,22,700310,257910,0,,,,1,,2,198,190,2,,,,M,22,1,2.0,"FAT, 2MILK",2000
00IN02319,1998109334,S9334,10,S9334,98,2,10,1,07,23,714610,639910,0,,,,6,,1,155,0,0,,04,0524,M,,,2.0,,2000
00IN02320,1998109340,S9340,10,S9340,98,2,12,1,07,89,675810,428610,0,,,,1,,1,150,156,2,,,,C,83,1,2.0,ENTR,2000
00IN02321,1998109343,S9343,10,S9343,98,1,12,1,07,88,716810,445910,0,,,,2,168,M,187,207,0,,92,0921,C,,,2.0,4TEATS,2000
00IN02322,1998109345,S9345,10,S9345,98,2,12,1,43,80,669610,513710,0,,,,1,,1,170,170,2,,,,C,84,1,2.0,4TEATS,2000
00IN02323,1998109346,S9346,10,S9346,98,1,12,1,07,85,657510,511910,0,,,,3,,M,173,199,0,,93,0812,C,,,2.0,,2000
00IN02324,1998109347,S9347,10,S9347,98,1,12,1,07,85,657510,511910,0,,,,2,159,M,192,223,0,,92,0921,C,,,2.0,H3,2000
00IN02325,1998109348,S9348,10,S9348,98,1,10,1,07,22,700310,558410,0,,,,3,,M,207,234,0,,93,0812,M,,,2.0,,2000
00IN02326,1998109350,S9350,10,S9350,98,2,12,1,43,85,657510,137610,0,,,,1,,1,150,159,2,,,,C,85,1,2.0,4TEATS,2000
00IN02327,1998109351,S9351,10,S9351,98,1,10,1,43,21,752910,692110,2,,,,3,LIB,*,0,0,0,1,,,M,,,2.0,DUD,2000
00IN02328,1998109352,S9352,10,S9352,98,2,13,1,43,31,747210,667010,0,,,,1,,2,133,145,2,,,,F,34,1,2.0,ENTR,2000
00IN02329,1998109354,S9354,10,S9354,98,2,11,1,07,14,697610,466810,0,,,,U,,1,171,167,2,,95,1211,R,U,A,2.0,QUIET EWE,2000
00IN02330,1998109361,S9361,10,S9361,98,1,12,1,07,86,658110,236510,0,,,,2,162,M,220,263,0,,92,0921,C,,,2.0,,2000
00IN02331,1998109377,S9377,10,S9377,98,2,11,1,07,11,728210,500910,0,,,,1,,1,165,159,1,,,,R,13,1,2.0,,2000
00IN02332,1998109386,S9386,10,S9386,98,1,10,1,42,21,752910,496310,2,,,,3,LIB,*,0,0,0,H,93,0317,M,,,2.0,"H3,DUD",2000
00IN02333,1998109387,S9387,10,S9387,98,2,12,1,43,84,706510,629810,0,,,,U,,1,165,178,1,,,,C,U,A,2.0,NO BAG,2000
00IN02334,1998109393,S9393,10,S9393,98,2,11,1,07,11,728210,695110,0,,,,1,,1,130,148,2,,,,R,14,1,2.0,,2000
00IN02335,1998109399,S9399,10,S9399,98,2,13,1,43,32,677210,524610,0,,,,1,,1,171,185,1,,,,F,31,1,2.0,SM.BAG,2000
00IN02336,1998109403,S9403,10,S9403,98,2,13,1,43,31,747210,572810,0,,,,3,X,5,147,171,1,X,93,1030,F,,,2.0,"ADHESIONS, X",2000
00IN02337,1998109404,S9404,10,S9404,98,1,13,1,43,31,747210,572810,0,,,,2,170,M,210,238,0,,92,0921,F,,,2.0,WRINKLES,2000
00IN02338,1998109410,S9410,10,S9410,98,1,11,1,43,14,697610,308110,0,,,,3,  X,M,198,226,0,,93,1002,R,,,2.0,"X, ABS. JAW 6",2000
00IN02339,1998109412,S9412,10,S9412,98,2,13,1,43,34,718410,155610,0,,,,1,,1,135,141,2,,,,F,32,1,2.0,,2000
00IN02340,1998109416,S9416,10,S9416,98,2,10,1,07,23,714610,715110,0,,,,1,,H,170,164,2,,,,M,22,1,2.0,NICE,2000
00IN02341,1998109423,S9423,10,S9423,98,2,11,1,07,14,697610,476310,0,,,,1,,2,162,172,2,,,,R,11,1,2.0,,2000
00IN02342,1998109428,S9428,10,S9428,98,2,11,1,07,11,728210,485110,0,,,,1,,1,141,156,4,,,,R,12,1,2.0,CHK. HORN,2000
00IN02343,1998109433,S9433,10,S9433,98,1,12,1,43,90,669210,530510,0,,,,3,  X,M,200,227,0,,93,1002,C,,,2.0,"X, LAME",2000
00IN02344,1998109437,S9437,10,S9437,98,2,10,1,43,23,714610,423910,0,,,,1,,1,170,162,2,,,,M,23,1,2.0,4TEATS,2000
00IN02345,1998109440,S9440,10,S9440,98,2,12,1,07,86,658110,472110,0,,,,1,,1,170,176,2,,,,C,86,1,2.0,,2000
00IN02346,1998109450,S9450,10,S9450,98,2,10,1,07,22,700310,693510,0,,,,1,,2,164,160,2,,,,M,24,1,2.0,4TEATS,2000
00IN02347,1998109451,S9451,10,S9451,98,1,13,1,43,33,712410,560610,0,,,,2,176,Y,167,201,0,,92,0921,F,,,2.0,,2000
00IN02348,1998109453,S9453,10,S9453,98,2,10,1,07,24,720810,270810,0,,,,1,,1,169,162,2,,,,M,21,1,2.0,MS.BIG,2000
00IN02349,1998109455,S9455,10,S9455,98,2,13,1,43,31,747210,205510,0,,,,U,,2,183,186,2,,,,F,U,A,2.0,,2000
00IN02350,1998109462,S9462,10,S9462,98,2,13,1,43,31,747210,667110,0,,,,1,,2,163,157,2,,,,F,33,1,2.0,,2000
00IN02351,1998109464,S9464,10,S9464,98,1,11,1,07,12,669110,161110,0,,,,3,,M,216,232,0,,93,0812,R,,,2.0,"X,L.EYE,H5, X",2000
00IN02352,1998109473,S9473,10,S9473,98,2,10,1,07,22,700310,591310,0,,NN,,1,,1,163,156,2,,,,M,51,1,2.0,,2000
00IN02353,1998109480,S9480,10,S9480,98,1,12,1,43,82,675110,145310,2,,,,3,LIB,*,0,0,0,1,,,C,,,2.0,DUD,2000
00IN02354,1998109482,S9482,10,S9482,98,2,11,1,07,12,669110,672010,0,,,,1,,1,139,152,2,,,,R,13,1,2.0,SPRING CREEK,2000
00IN02355,1998109497,S9497,10,S9497,98,2,13,1,42,31,747210,450110,0,,,,U,,1,143,143,5,,,,F,U,A,2.0,ENTR,2000
00IN02356,1998109501,S9501,10,S9501,98,2,13,1,42,31,747210,493610,0,,,,U,,1,137,142,2,,,,F,U,A,2.0,,2000
00IN02357,1998109503,S9503,10,S9503,98,2,10,1,07,22,700310,620810,0,,,,1,,1,156,151,2,,,,M,21,1,2.0,REJECTS 1LAMB,2000
00IN02358,1998109508,S9508,10,S9508,98,1,12,1,07,81,672910,469410,2,,,,3,LIB,*,0,0,0,1,76,1130,C,,,2.0,"H3,DUD,DEAD",2000
00IN02359,1998109510,S9510,10,S9510,98,2,13,1,42,31,747210,638410,0,,,,1,,1,176,162,2,,,,F,34,1,2.0,,2000
00IN02360,1998109511,S9511,10,S9511,98,2,10,1,07,23,714610,488610,0,,,,1,,1,140,146,2,,,,M,24,1,2.0,4TEATS,2000
00IN02361,1998109513,S9513,10,S9513,98,2,11,1,07,13,687710,667910,0,,,,1,,2,164,155,2,,,,R,14,1,2.0,"ENTR,4TEATS",2000
00IN02362,1998109516,S9516,10,S9516,98,1,10,1,43,21,752910,162210,2,,,,3,LIB,*,0,0,0,H,93,0317,M,,,2.0,"F5+,DUD",2000
00IN02363,1998109521,S9521,10,S9521,98,1,12,1,43,81,672910,706010,0,,,,3,,M,176,223,0,,93,0812,C,,,2.0,,2000
00IN02364,1998109522,S9522,10,S9522,98,2,12,1,07,88,716810,317610,2,,,,3,OVX,*,0,0,0,X,,,C,,,2.0,XVAG.PROLAPSE,2000
00IN02365,1998109526,S9526,10,S9526,98,1,13,1,43,31,747210,475410,0,,,,2,177,M,202,235,0,,92,0921,F,,,2.0,H7,2000
00IN02366,1998109534,S9534,10,S9534,98,1,11,1,07,11,728210,237810,0,,,,3,VAS,M,203,234,0,X,93,1002,R,,,2.0,"X, NO VAS.",2000
00IN02367,1998109535,S9535,10,S9535,98,2,11,1,07,11,728210,237810,0,,,,1,,1,164,164,2,,,,R,11,1,2.0,"HAIRY,4TEATS",2000
00IN02368,1998109555,S9555,10,S9555,98,2,13,1,43,34,718410,281410,0,,,,1,,1,144,160,2,,,,F,31,1,2.0,R.BLOODYMILK,2000
00IN02369,1998109558,S9558,10,S9558,98,2,11,1,07,12,669110,683110,0,,,,1,,1,161,173,2,,,,R,12,1,2.0,,2000
00IN02370,1998109562,S9562,10,S9562,98,1,13,1,43,33,712410,614910,2,,,,3,LIB,*,0,0,0,1,,,F,,,2.0,"H3,DUD",2000
00IN02371,1998109565,S9565,10,S9565,98,2,13,1,43,34,718410,501010,0,,,,1,,1,153,158,2,,,,F,32,1,2.0,,2000
00IN02372,1998109566,S9566,10,S9566,98,2,13,1,43,34,718410,501010,0,,,,1,,1,147,161,2,,,,F,33,1,2.0,,2000
00IN02373,1998109570,S9570,10,S9570,98,2,13,1,43,33,712410,377910,0,,,,1,,2,146,161,2,,,,F,34,1,2.0,,2000
00IN02374,1998109574,S9574,10,S9574,98,2,13,1,43,32,677210,590810,0,,,,U,,1,163,179,4,,,,F,U,A,2.0,,2000
00IN02375,1998109585,S9585,10,S9585,98,2,12,1,07,86,658110,668210,0,,,,6,,2,120,0,0,,04,0701,C,,,2.0,,2000
00IN02376,1998109588,S9588,10,S9588,98,2,10,1,07,24,720810,734110,0,,,,1,,1,184,190,2,,,,M,22,1,2.0,SM.BAG,2000
00IN02377,1998109596,S9596,10,S9596,98,2,12,1,43,85,657510,525410,0,,,,1,,1,138,154,2,,,,C,87,1,2.0,"ENTR,4TEATS",2000
00IN02378,1998109599,S9599,10,S9599,98,1,12,1,07,83,701310,245910,0,,,,3,,M,188,218,0,,93,0812,C,,,2.0,,2000
00IN02379,1998109600,S9600,10,S9600,98,1,12,1,07,83,701310,245910,0,,,,2,160,M,208,234,0,,92,0921,C,,,2.0,,2000
00IN02380,1998109601,S9601,10,S9601,98,2,10,1,07,23,714610,616410,0,,,,O,OVX,5,143,164,1,X,,,M,,,2.0,OVX,2000
00IN02381,1998109602,S9602,10,S9602,98,2,10,1,07,23,714610,616410,0,,,,1,,2,170,161,2,,,,M,23,1,2.0,4TEATS,2000
00IN02382,1998109604,S9604,10,S9604,98,2,13,1,07,33,712410,584510,0,,,,1,,2,149,158,2,,,,F,31,1,2.0,DYSTOCIA,2000
00IN02383,1998109613,S9613,10,S9613,98,2,11,1,07,12,669110,200110,0,,,,1,,1,176,177,2,,,,R,13,1,2.0,,2000
00IN02384,1998109615,S9615,10,S9615,98,2,13,1,43,33,712410,693110,0,,NN,,1,,2,143,151,2,,,,F,52,1,2.0,,2000
00IN02385,1998109629,S9629,10,S9629,98,2,10,1,43,21,752910,139610,0,,,,1,,1,217,204,2,,,,M,23,1,2.0,HAIRY,2000
00IN02386,1998109630,S9630,10,S9630,98,2,10,1,43,21,752910,139610,0,,,,7,,2,166,0,0,,97,0915,M,,,2.0,,2000
00IN02387,1998109632,S9632,10,S9632,98,1,12,1,07,91,679910,610810,0,,,,3,VAS,M,190,221,0,X,,,C,,,2.0,VASCECTOMY,2000
00IN02388,1998109634,S9634,10,S9634,98,2,10,1,42,22,700310,254410,0,,,,1,,2,156,162,2,,,,M,22,1,2.0,ENTR,2000
00IN02389,1998109638,S9638,10,S9638,98,2,10,1,43,22,700310,516410,0,,,,1,,1,170,177,2,,,,M,23,1,2.0,HAIRY,2000
00IN02390,1998109646,S9646,10,S9646,98,2,13,1,43,31,747210,474210,0,,,,1,,1,149,151,2,,,,F,32,1,2.0,"LT,SUCK1SIDE",2000
00IN02391,1998109647,S9647,10,S9647,98,2,13,1,43,31,747210,474210,0,,,,1,,2,158,145,2,,,,F,33,1,2.0,JUMPER,2000
00IN02392,1998109648,S9648,10,S9648,98,2,12,1,43,82,675110,615310,0,,,,U,,1,168,166,2,,,,C,U,A,2.0,,2000
00IN02393,1998109653,S9653,10,S9653,98,2,10,1,07,22,700310,748610,0,,NN,,1,,2,166,170,2,,,,M,53,1,2.0,,2000
00IN02394,1998109658,S9658,10,S9658,98,2,13,1,43,32,677210,475910,0,,,,U,,1,137,166,2,,,,F,U,A,2.0,,2000
00IN02395,1998109673,S9673,10,S9673,98,2,11,1,07,12,669110,633010,0,,,,1,,2,170,172,2,,,,R,14,1,2.0,,2000
00IN02396,1998109674,S9674,10,S9674,98,2,11,1,07,12,669110,633010,0,,,,1,,2,160,170,2,,,,R,11,1,2.0,H3,2000
00IN02397,1998109683,S9683,10,S9683,98,1,13,1,43,32,677210,743710,2,,,,3,LIB,*,0,0,0,H,93,0317,F,,,2.0,DUD,2000
00IN02398,1998109684,S9684,10,S9684,98,1,13,1,43,32,677210,743710,0,,,,2,175,Y,183,219,0,,92,0921,F,,,2.0,,2000
00IN02399,1998109685,S9685,10,S9685,98,2,13,1,43,31,747210,582710,0,,,,1,,1,154,164,2,,,,F,34,1,2.0,,2000
00IN02400,1998109689,S9689,10,S9689,98,2,13,1,07,33,712410,627210,0,,,,1,,1,170,176,9,,,,F,31,1,2.0,,2000
00IN02401,1998109693,S9693,10,S9693,98,1,10,1,43,24,720810,516310,2,,,,3,LIB,*,0,0,0,1,,,M,,,2.0,DUD,2000
00IN02402,1998109701,S9701,10,S9701,98,1,12,1,07,82,675110,188510,0,,,,3,,M,194,223,0,,93,0812,C,,,2.0,"4TEATS,H4,S0",2000
00IN02403,1998109706,S9706,10,S9706,98,2,11,1,07,11,728210,726210,0,,,,1,,1,167,164,2,,,,R,12,1,2.0,,2000
00IN02404,1998109708,S9708,10,S9708,98,2,11,1,07,13,687710,294410,0,,,,1,,2,158,156,2,,,,R,13,1,2.0,ENTR,2000
00IN02405,1998109709,S9709,10,S9709,98,2,11,1,07,13,687710,294410,0,,,,O,OVX,5,151,187,1,X,,,R,,,2.0,OVX,2000
00IN02406,1998109733,S9733,10,S9733,98,1,12,1,07,80,669610,619710,0,,,,3,,M,202,246,0,,93,0812,C,,,2.0,H6,2000
00IN02407,1998109735,S9735,10,S9735,98,1,12,1,43,89,675810,523010,2,,,,3,LIB,*,0,0,0,1,,,C,,,2.0,"?POLYPAY,DUD",2000
00IN02408,1998109736,S9736,10,S9736,98,1,12,1,43,89,675810,523010,0,,,,2,174,M,183,205,0,,92,0921,C,,,2.0,,2000
00IN02409,1998109748,S9748,10,S9748,98,1,12,1,43,84,706510,155110,0,,,,2,172,M,173,208,0,,92,0921,C,,,2.0,"H3, MKT ??",2000
00IN02410,1998109756,S9756,10,S9756,98,1,12,1,07,84,706510,467310,0,,,,3,,M,202,246,0,,93,0812,C,,,2.0,,2000
00IN02411,1998109768,S9768,10,S9768,98,2,12,1,07,81,672910,566310,0,,,,1,,1,149,183,3,,,,C,88,1,2.0,,2000
00IN02412,1998109773,S9773,10,S9773,98,1,13,1,43,32,677210,664810,2,,,,3,LIB,*,0,0,0,X,93,0306,F,,,2.0,"H4,DUD",2000
00IN02413,1998109778,S9778,10,S9778,98,2,12,1,07,89,675810,486510,0,,,,1,,1,179,171,2,,,,C,89,1,2.0,,2000
00IN02414,1998109780,S9780,10,S9780,98,1,12,1,07,88,716810,444310,2,,,,3,LIB,*,0,0,0,1,,,C,,,2.0,"NICE,H3,DUD",2000
00IN02415,1998109784,S9784,10,S9784,98,2,13,1,07,33,712410,583310,0,,,,1,,2,160,165,2,,,,F,32,1,2.0,TRT EYE '00,2000
00IN02416,1998109794,S9794,10,S9794,98,2,12,1,07,85,657510,570810,0,,,,1,,1,167,164,2,,,,C,90,1,2.0,,2000
00IN02417,1998109795,S9795,10,S9795,98,2,10,1,07,22,700310,732210,0,,,,1,,2,151,168,2,,,,M,24,1,2.0,F4,2000
00IN02418,1998109797,S9797,10,S9797,98,2,13,1,43,31,747210,244410,0,,,,1,,1,171,173,1,,,,F,33,1,2.0,BLK.R.EYE,2000
00IN02419,1998109801,S9801,10,S9801,98,1,11,1,07,13,687710,455710,0,,,,2,161,M,225,258,0,,92,0921,R,,,2.0,,2000
00IN02420,1998109805,S9805,10,S9805,98,2,12,1,07,90,669210,164510,0,,,,1,,1,144,139,2,,,,C,91,1,2.0,,2000
00IN02421,1998109832,S9832,10,S9832,98,1,13,1,07,33,712410,453610,2,,,,6,LIB,*,0,0,0,1,01,0525,F,,,2.0,DUD,2000
00IN02422,1998109848,S9848,10,S9848,98,1,10,1,07,24,720810,579310,2,,,,3,LIB,*,0,0,0,X,93,0306,M,,,2.0,"UGLY,H5,DUD",2000
00IN02423,1998109859,S9859,10,S9859,98,2,13,1,42,31,747210,441010,0,,,,1,,1,177,171,2,,,,F,34,1,2.0,,2000
00IN02424,1998109873,S9873,10,S9873,98,2,12,1,07,89,675810,552410,0,,NN,,1,,1,166,168,2,,,,C,51,1,2.0,,2000
00IN02425,1998109875,S9875,10,S9875,98,1,10,1,43,24,720810,488510,2,,,,3,LIB,*,0,0,0,1,,,M,,,2.0,DUD,2000
00IN02426,1998109887,S9887,10,S9887,98,2,11,1,07,13,687710,350310,0,,,,1,,2,157,160,2,,,,R,12,1,2.0,,2000
00IN02427,1991442391,T2391,44,T2391,91,2,41,1,02,411,036644,978343,2,,,,U,,2,173,147,4,,,,M,U,A,9.0,,2000
00IN02428,1992442732,T2732,44,T2732,92,2,ID,1,02,T-7,127044,789243,I,,,,2, 69,2,174,165,3,,92,0921,I,,,8.0,SW.BAG,2000
00IN02429,1992442863,T2863,44,T2863,92,2,ID,1,02,T-4,8083,083944,I,,,,2, 69,1,193,160,2,,92,0921,I,,,8.0,OFF FEED,2000
00IN02430,1992442919,T2919,44,T2919,92,2,42,1,02,802,107344,035044,2,,,,3,OVX,*,0,0,0,X,,,,,,8.0,OVX,2000
00IN02431,1992442991,T2991,44,T2991,92,2,ID,1,02,T-6,113544,068944,I,,,,3,,2,193,171,9,,93,1002,I,,,8.0,,2000
00IN02432,1992443026,T3026,44,T3026,92,2,ID,1,02,T-3,0001,082144,I,,,,3,,2,178,178,4,,93,1002,I,,,8.0,SW.BAG,2000
00IN02433,1992443148,T3148,44,T3148,92,2,ID,1,02,T-2,073944,155644,I,,,,6,,*,0,0,0,,20,0413,I,,,8.0,PREG.TOX.CSEC,2000
00IN02434,1992443184,T3184,44,T3184,92,2,ID,1,02,T-4,8083,891343,I,,,,3,,1,206,165,3,,93,1002,I,,,8.0,LUNGER,2000
00IN02435,1992443279,T3279,44,T3279,92,2,ID,1,02,T-3,0001,878143,I,,,,3,,H,189,187,2,,93,1002,I,,,8.0,RUPTURE X,2000
00IN02436,1992443553,T3553,44,T3553,92,2,ID,1,02,t01,115044,216544,I,,,,3,,2,224,184,3,,93,1002,I,,,8.0,TEETH,2000
00IN02437,1992443593,T3593,44, 2516,92,2,48,1,02,,133844,196044,2,,,,3,OVX,*,0,0,0,X,,,,,,8.0,OVX,2000
00IN02438,1993443645,T3645,44,T3645,93,2,41,1,02,411,190544,138444,2,,,,6,,*,0,0,0,,01,0322,M,,,7.0,"LT,SUCK1SIDE",2000
00IN02439,1993443682,T3682,44,T3682,93,2,42,1,02,802,189944,146544,2,,,,2, 67,1,150,154,2,,92,0921,C,,,7.0,SMALL EWE,2000
00IN02440,1993443703,T3703,44,T3703,93,2,41,1,02,413,228644,201644,2,,,,2, 67,1,163,158,2,,92,0921,M,,,7.0,LTS,2000
00IN02441,1993443739,T3739,44,T3739,93,2,ID,1,02,T,000044,270044,I,,,,2, 66,2,203,184,2,,92,0921,I,,,7.0,,2000
00IN02442,1993443814,T3814,44,T3814,93,2,41,1,02,413,228644,054444,2,,,,2, 68,1,171,152,5,,92,0921,M,,,7.0,,2000
00IN02443,1993443825,T3825,44,T3825,93,2,41,1,02,413,228644,206244,2,,,,U,,3,209,203,2,,,,M,U,A,7.0,"SW.BAG,LT",2000
00IN02444,1993443826,T3826,44,T3826,93,2,42,1,02,872,228544,744143,2,,,,2, 68,1,152,145,2,,92,0921,C,,,7.0,THIN95,2000
00IN02445,1993443829,T3829,44,T3829,93,2,41,1,02,412,217444,791643,2,,,,U,,2,141,127,2,,,,M,U,A,7.0,,2000
00IN02446,1993443833,T3833,44,T3833,93,2,41,1,02,411,190544,826543,2,,,,U,,2,197,179,3,,,,M,U,A,7.0,TEETH,2000
00IN02447,1993443838,T3838,44,T3838,93,2,41,1,02,413,228644,718943,2,,,,2, 66,1,194,187,2,,92,0921,M,,,7.0,FLTS,2000
00IN02448,1993443858,T3858,44,T3858,93,2,42,1,02,832,222544,033144,2,,,,2, 67,2,163,153,2,,92,0921,C,,,7.0,FLTS,2000
00IN02449,1993443859,T3859,44,T3859,93,2,42,1,02,832,222544,249244,2,,,,2, 67,1,173,155,2,,92,0921,C,,,7.0,RP ok,2000
00IN02450,1993443876,T3876,44,T3876,93,2,41,1,02,413,228644,903143,2,,,,U,,2,135,150,2,,50,1221,M,U,A,7.0,"THIN,LUMPY",2000
00IN02451,1993443882,T3882,44,T3882,93,2,42,1,02,882,223844,932243,2,,,,3,OVX,*,0,0,0,X,,,,,,7.0,OVX,2000
00IN02452,1993443883,T3883,44,T3883,93,2,42,1,02,802,189944,247844,2,,,,2, 68,1,140,136,2,,92,0921,C,,,7.0,PULLED GRAFT,2000
00IN02453,1993443885,T3885,44,T3885,93,2,41,1,02,412,217444,183644,2,,,,7,,2,182,0,0,,97,0915,M,,,7.0,DYSTOCIA,2000
00IN02454,1993443924,T3924,44,T3924,93,2,41,1,02,413,228644,177244,2,,,,2, 66,2,179,161,2,,92,0921,M,,,7.0,DYSTOCIA 94,2000
00IN02455,1993443928,T3928,44,T3928,93,2,42,1,02,832,222544,236144,2,,,,U,,2,142,138,2,,,,C,U,A,7.0,FACE4-,2000
00IN02456,1993443969,T3969,44,T3969,93,2,42,1,02,882,223844,795543,2,,,,2, 68,2,168,148,2,,92,0921,C,,,7.0,,2000
00IN02457,1993444020,T4020,44,T4020,93,2,ID,1,02,T,000044,295744,I,,,,6,,H,171,188,2,,09,0919,I,,,7.0,RUPTURE X,2000
00IN02458,1993444023,T4023,44,T4023,93,2,42,1,02,822,203044,110344,2,,,,3,,2,147,114,2,,93,1002,C,,,7.0,BAD LEG,2000
00IN02459,1993444028,T4028,44,T4028,93,2,42,1,02,812,194744,243544,2,,,,U,,2,177,178,3,,,,C,U,A,7.0,,2000
00IN02460,1993444034,T4034,44,T4034,93,2,41,1,02,412,217444,008544,2,,,,2, 66,2,190,170,2,,92,0921,M,,,7.0,,2000
00IN02461,1993444036,T4036,44,T4036,93,2,41,1,02,412,217444,052544,2,,,,6,,2,179,0,0,,01,0831,M,,,7.0,BLOODY MILKok,2000
00IN02462,1993444063,T4063,44,T4063,93,2,48,1,02,T,000044,318744,2,,,,6,OVX,*,0,0,0,X,95,0801,h,,,7.0,11BAG,2000
00IN02463,1993444076,T4076,44,T4076,93,2,42,1,02,862,234844,057844,2,,,,2, 67,2,144,152,2,,92,0921,C,,,7.0,RP,2000
00IN02464,1993444093,T4093,44,T4093,93,2,42,1,02,822,203044,234144,2,,,,6,,*,0,0,0,,76,0513,C,,,7.0,DEAD 5/13,2000
00IN02465,1993444099,T4099,44,T4099,93,2,42,1,02,832,222544,732443,2,,,,2, 68,2,153,144,2,,92,0921,C,,,7.0,,2000
00IN02466,1993444109,T4109,44,T4109,93,2,ID,1,02,-Z-,000044,007444,I,,,,2, 66,1,173,162,3,,92,0921,I,,,7.0,LTS,2000
00IN02467,1993444125,T4125,44,T4125,93,2,42,1,02,892,248144,142944,2,,,,2, 68,1,160,145,2,,92,0921,C,,,7.0,,2000
00IN02468,1994444170,T4170,44,T4170,94,2,42,1,02,882,289144,268044,2,,,,3,OVX,*,0,0,0,X,,,,,,6.0,"ENTR,BARREN",2000
00IN02469,1994444173,T4173,44,T4173,94,2,42,1,02,852,269844,225844,2,,,,1,,1,177,164,2,,04,1018,C,802,2,6.0,W/SAVE LAMBS,2000
00IN02470,1994444228,T4228,44,T4228,94,2,ch,1,32,-0,686803,073844,2,,,,1,,1,191,163,2,,,,h,BF,3,6.0,ORPHAN,2000
00IN02471,1994444236,T4236,44,T4236,94,2,41,1,02,412,311644,201444,2,,,,1,,2,237,185,3,,,,M,413,2,6.0,4TEATS,2000
00IN02472,1994444239,T4239,44,T4239,94,2,42,1,02,892,307744,100444,2,,,,1,,2,128,128,2,,,,C,812,2,6.0,VLT R,2000
00IN02473,1994444257,T4257,44,T4257,94,2,41,1,02,414,260144,259344,2,,,,1,,2,191,178,2,,,,M,412,2,6.0,,2000
00IN02474,1994444262,T4262,44,T4262,94,2,42,1,02,862,277644,955343,2,,,,1,,2,165,148,2,,,,C,822,2,6.0,4TEATS,2000
00IN02475,1994444275,T4275,44,T4275,94,2,41,1,02,413,265444,189044,2,,,,1,,2,154,159,2,,,,M,412,2,6.0,FLTS,2000
00IN02476,1994444292,T4292,44,T4292,94,2,42,1,02,842,269144,147444,2,,,,1,,2,168,150,2,,,,C,832,2,6.0,,2000
00IN02477,1994444294,T4294,44,T4294,94,2,42,1,02,852,269844,932343,2,,,,1,,1,171,158,2,,,,C,842,2,6.0,,2000
00IN02478,1994444304,T4304,44,T4304,94,2,42,1,02,872,278844,190744,2,,,,1,,2,154,139,2,,,,C,852,2,6.0,DYSTOCIA ok,2000
00IN02479,1994444305,T4305,44,T4305,94,2,42,1,02,862,277644,228444,2,,,,1,,2,118,121,2,,,,C,862,2,6.0,4TEATS,2000
00IN02480,1994444331,T4331,44,T4331,94,2,42,1,02,912,329144,232544,2,,,,1,,1,175,170,2,,,,C,872,2,6.0,4TEATS,2000
00IN02481,1994444335,T4335,44,T4335,94,2,42,1,02,882,289144,035944,2,,,,1,,2,167,167,1,,,,C,882,2,6.0,"FAT, 2MILK",2000
00IN02482,1994444354,T4354,44,T4354,94,2,42,1,02,892,307744,101844,2,,,,1,,2,180,163,2,,,,C,892,2,6.0,,2000
00IN02483,1994444356,T4356,44,T4356,94,2,42,1,02,842,269144,013144,2,,,,6,,*,0,0,0,,50,0518,C,,,6.0,DRY & DEAD,2000
00IN02484,1994444366,T4366,44,T4366,94,2,41,1,02,414,260144,192644,2,,,,1,,2,239,214,4,,,,M,414,2,6.0,DYSTOCIA,2000
00IN02485,1994444395,T4395,44,T4395,94,2,41,1,02,411,255644,206244,2,,,,U,,1,185,161,3,,,,M,U,A,6.0,VAG PROLAPSE,2000
00IN02486,1994444415,T4415,44,T4415,94,2,41,1,02,413,265444,993343,2,,,,6,,2,159,0,0,,05,0622,M,,,6.0,MASTITIS 6/22,2000
00IN02487,1994444416,T4416,44,T4416,94,2,41,1,02,413,265444,993343,2,,,,1,,2,171,172,2,,,,M,411,2,6.0,BUMBLE FOOT,2000
00IN02488,1994444422,T4422,44,T4422,94,2,42,1,02,882,289144,224544,2,,,,1,,2,170,153,2,,,,C,902,2,6.0,WOUND R.EYE,2000
00IN02489,1994444448,T4448,44,T4448,94,2,41,1,02,411,255644,095844,2,,,,1,,2,172,165,3,,,,M,412,2,6.0,GET UP,2000
00IN02490,1994444464,T4464,44,T4464,94,2,42,1,02,892,307744,340444,2,,,,1,,1,142,138,2,,,,C,912,2,6.0,,2000
00IN02491,1994444471,T4471,44,T4471,94,2,41,1,02,412,311644,076744,2,,,,1,,2,178,162,2,,,,M,413,2,6.0,LUMP @ JAW,2000
00IN02492,1994444503,T4503,44,T4503,94,2,42,1,02,822,264344,260044,2,,,,1,,2,179,148,2,,,,C,802,2,6.0,SM.BAG,2000
00IN02493,1994444506,T4506,44,T4506,94,2,42,1,02,842,269144,220944,2,,,,3,OVX,*,0,0,0,X,,,,,,6.0,BARREN,2000
00IN02494,1994444510,T4510,44,T4510,94,2,42,1,02,832,267844,317244,2,,,,1,,2,179,170,2,,,,C,812,2,6.0,RP ok,2000
00IN02495,1994444553,T4553,44,T4553,94,2,42,1,02,832,267844,007244,2,,,,1,,1,153,147,2,,,,C,832,2,6.0,NICEbutAGING,2000
00IN02496,1994444572,T4572,44,T4572,94,2,42,1,02,842,269144,262944,2,,,,1,,1,198,167,2,,,,C,822,2,6.0,DYSTOCIA,2000
00IN02497,1994444604,T4604,44,T4604,94,2,41,1,02,413,265444,030144,2,,,,1,,2,173,157,2,,,,M,414,2,6.0,POORMOTHER?,2000
00IN02498,1994444637,T4637,44,T4637,94,2,41,1,02,412,311644,239144,2,,,,1,,2,186,167,2,,,,M,411,2,6.0,,2000
00IN02499,1995444661,T4661,44,T4661,95,2,41,1,02,413,391644,206244,2,,,,3,OVX,*,0,0,0,X,,,,,,5.0,OVX,2000
00IN02500,1995444664,T4664,44,T4664,95,2,41,1,02,412,373044,267744,2,,,,1,,2,176,170,2,,,,M,411,2,5.0,SW.BAG,2000
00IN02501,1995444665,T4665,44,T4665,95,2,41,1,02,412,373044,267744,2,,,,1,,2,172,160,2,,,,M,413,2,5.0,,2000
00IN02502,1995444666,T4666,44,T4666,95,2,42,1,02,832,409844,382644,2,,,,1,,2,183,169,2,,,,C,842,2,5.0,,2000
00IN02503,1995444667,T4667,44,T4667,95,2,41,1,02,412,373044,186544,2,,,,1,,3,211,171,3,,,,M,414,2,5.0,,2000
00IN02504,1995444670,T4670,44,T4670,95,2,42,1,02,892,388444,257444,2,,,,1,,2,162,159,2,,,,C,852,2,5.0,4TEATS,2000
00IN02505,1995444680,T4680,44,T4680,95,2,41,1,02,412,373044,395644,2,,,,1,,2,208,166,2,,,,M,411,2,5.0,SM.BAG 2MILK,2000
00IN02506,1995444682,T4682,44,T4682,95,2,41,1,02,411,395744,260444,2,,,,1,,1,164,160,2,,,,M,412,2,5.0,4TEATS,2000
00IN02507,1995444693,T4693,44,T4693,95,2,41,1,02,413,391644,307344,2,,,,1,,3,181,165,2,,,,M,413,2,5.0,LTS,2000
00IN02508,1995444716,T4716,44,T4716,95,2,00,1,02,413,391644,295644,1,,,0,3,BLK,X,0,0,0,B,93,0612,.,,,5.0,"MASTITIS,VLTS",2000
00IN02509,1995444717,T4717,44,T4717,95,2,41,1,02,411,395744,326244,2,,,,1,,2,191,173,2,,,,M,414,2,5.0,1- MILK!ok'97,2000
00IN02510,1995444732,T4732,44,T4732,95,2,42,1,02,912,384544,236744,2,,,,6,,1,171,0,0,,04,0602,C,,,5.0,"HAIRY,4TEATS",2000
00IN02511,1995444751,T4751,44,T4751,95,2,42,1,02,842,389844,341144,2,,,,1,,2,156,156,3,,,,C,862,2,5.0,CLR2,2000
00IN02512,1995444752,T4752,44,T4752,95,2,42,1,02,842,389844,341144,2,,,,1,,2,132,131,2,,,,C,872,2,5.0,CLR2,2000
00IN02513,1995444754,T4754,44,T4754,95,2,42,1,02,902,394644,101844,2,,,,3,OVX,*,0,0,0,X,,,,,,5.0,"TINY BAG,OVX",2000
00IN02514,1995444755,T4755,44,T4755,95,2,42,1,02,852,390044,396944,2,,NN,,1,,2,149,150,2,,,,C,51,1,5.0,,2000
00IN02515,1995444778,T4778,44,T4778,95,2,41,1,02,413,391644,037744,2,,,,1,,1,175,160,4,,,,M,411,2,5.0,,2000
00IN02516,1995444779,T4779,44,T4779,95,2,42,1,02,862,395944,256744,2,,,,1,,1,195,199,4,,,,C,882,2,5.0,,2000
00IN02517,1995444793,T4793,44,T4793,95,2,42,1,02,892,388444,317244,2,,,,3,OVX,*,0,0,0,X,,,C,,,5.0,"X,LOW PROD.",2000
00IN02518,1995444802,T4802,44,T4802,95,2,41,1,02,414,409144,264744,2,,,,1,,2,198,179,3,,,,M,412,2,5.0,,2000
00IN02519,1995444816,T4816,44,T4816,95,2,41,1,02,414,409144,398344,2,,,,6,,1,162,0,0,,76,0911,M,,,5.0,DEAD OPP,2000
00IN02520,1995444823,T4823,44,T4823,95,2,42,1,02,872,396444,388244,2,,NN,,1,,2,155,148,2,,,,C,52,1,5.0,R.P.,2000
00IN02521,1995444824,T4824,44,T4824,95,2,42,1,02,802,404944,284544,2,,,,U,,2,190,183,4,,95,1020,C,U,,5.0,VAG.PROLAPSE,2000
00IN02522,1995444826,T4826,44,T4826,95,2,42,1,02,902,394644,259544,2,,,,1,,2,133,134,2,,,,C,892,2,5.0,RUNTY ctrl,2000
00IN02523,1995444829,T4829,44,T4829,95,1,42,1,02,882,407944,274044,2,,,,3,LIB,*,0,0,0,1,,,,,,5.0,LIB MOUNT,2000
00IN02524,1995444830,T4830,44,T4830,95,2,42,1,02,882,407944,274044,2,,,,1,,2,153,143,2,,,,C,902,2,5.0,HAIRY,2000
00IN02525,1995444831,T4831,44,T4831,95,2,42,1,02,832,409844,032544,2,,NN,,1,,2,163,159,2,,,,C,53,1,5.0,4TEATS,2000
00IN02526,1995444843,T4843,44,T4843,95,2,42,1,02,902,394644,234144,2,,,,1,,1,158,154,2,,,,C,802,2,5.0,4TEATS,2000
00IN02527,1995444861,T4861,44,T4861,95,2,ch,1,32,  0,686803,210944,2,,,,3,,1,150,128,3,,93,1002,h,,,5.0,"ATAXIC, THIN",2000
00IN02528,1995444872,T4872,44,T4872,95,2,42,1,02,802,404944,196744,2,,,,1,,1,178,175,2,,,,C,912,2,5.0,,2000
00IN02529,1995444883,T4883,44,T4883,95,2,ch,1,32,  2,686803,207144,2,,,,1,,1,193,168,2,,,,h,BF,3,5.0,BRITCHY,2000
00IN02530,1995444884,T4884,44,T4884,95,2,ch,1,32,  2,686803,207144,2,,,,1,,1,164,152,2,,,,h,BF,3,5.0,,2000
00IN02531,1995444907,T4907,44,T4907,95,2,42,1,02,892,388444,196644,2,,,,1,,2,143,152,2,,,,C,812,2,5.0,4TEATS,2000
00IN02532,1995444912,T4912,44,T4912,95,2,42,1,02,852,390044,269944,2,,,,U,,2,186,156,9,,,,C,U,A,5.0,FIBERBAG,2000
00IN02533,1995444913,T4913,44,T4913,95,2,42,1,02,812,388844,007244,2,,,,1,,1,174,159,2,,,,C,822,2,5.0,SM.BAG,2000
00IN02534,1995444919,T4919,44,T4919,95,2,41,1,02,413,391644,382344,2,,,,6,OVX,*,0,0,0,X,95,0208,M,,,5.0,11BAG,2000
00IN02535,1995444929,T4929,44,T4929,95,2,ch,1,01,  2,187810,171144,2,,,,3,,5,174,180,1,,93,1002,c,,,5.0,OVX>FERTILE!,2000
00IN02536,1995444935,T4935,44,T4935,95,2,ch,1,01,  0,207910,199344,2,,,,1,,1,198,170,3,,,,h,BF,3,5.0,,2000
00IN02537,1995444938,T4938,44,T4938,95,2,41,1,02,412,373044,111344,2,,,,U,,1,233,203,9,,,,M,U,A,5.0,"FAT, WIDE",2000
00IN02538,1995444957,T4957,44,T4957,95,2,42,1,02,882,407944,236644,2,,NN,,1,,2,161,158,2,,,,C,54,1,5.0,,2000
00IN02539,1995444962,T4962,44,T4962,95,2,41,1,02,413,391644,123644,2,,,,1,,1,185,152,2,,,,M,413,2,5.0,4TEATS,2000
00IN02540,1995444977,T4977,44,T4977,95,2,ch,1,32,  2,686803,406344,2,,,,1,,1,199,179,2,,,,h,BF,3,5.0,4TEATS,2000
00IN02541,1995444980,T4980,44,T4980,95,2,41,1,02,414,409144,282144,2,,,,1,,5,219,226,2,,,,M,411,2,5.0,BIG BAG,2000
00IN02542,1995444986,T4986,44,T4986,95,2,42,1,02,852,390044,033844,2,,,,6,OVX,*,0,0,0,X,54,0308,C,,,5.0,BARREN 2yrs,2000
00IN02543,1995445002,T5002,44,T5002,95,2,ch,1,01,  2,190810,113644,2,,,,1,,2,193,171,2,,,,h,BF,3,5.0,SUCK1SIDE,2000
00IN02544,1995445010,T5010,44,T5010,95,2,ch,1,01,  2,190810,373944,2,,,,1,,1,167,164,2,,,,h,BF,3,5.0,4TEATS,2000
00IN02545,1995445020,T5020,44,T5020,95,2,42,1,02,832,409844,081144,2,,,,1,,2,135,127,2,,,,C,832,2,5.0,HOSTILE,2000
00IN02546,1995445031,T5031,44,T5031,95,2,ch,1,00,J03,436744,436444,2,,,,6,OVX,*,0,0,0,X,95,0308,c,,,5.0,SEV.DYSTOCIA,2000
00IN02547,1995445034,T5034,44,T5034,95,2,ch,1,32,  2,686803,119944,2,,,,3,,1,181,151,3,,93,1002,h,,,5.0,4TEATS,2000
00IN02548,1995445045,T5045,44,T5045,95,2,ch,1,32,  2,686803,194944,2,,,,1,,1,155,153,3,,,,h,BF,3,5.0,,2000
00IN02549,1995445046,T5046,44,T5046,95,2,42,1,02,822,380744,244444,2,,,,1,,2,163,154,2,,,,C,842,2,5.0,4TEATS,2000
00IN02550,1995445052,T5052,44,T5052,95,2,42,1,02,842,389844,142844,2,,,,1,,2,151,140,3,,,,C,852,2,5.0,"SW.BAG,GOOD",2000
00IN02551,1995445077,T5077,44,T5077,95,1,42,1,02,902,394644,194844,2,,,,3,LIB,*,0,0,0,1,,,,,,5.0,LIB MOUNT,2000
00IN02552,1995445078,T5078,44,T5078,95,2,42,1,02,912,384544,404544,2,,,,3,OVX,*,0,0,0,X,,,C,,,5.0,BARREN 2yrs,2000
00IN02553,1995445115,T5115,44,T5115,95,2,ch,1,00,J08,432544,420044,2,,,,1,,1,173,178,2,,,,c,BF,3,5.0,,2000
00IN02554,1995445120,T5120,44,T5120,95,1,42,1,02,802,404944,413044,2,,,,3,LIB,*,0,0,0,1,,,,,,5.0,LIB MOUNT,2000
00IN02555,1996445158,T5158,44,T5158,96,2,41,1,02,412,448344,148844,2,,,,1,,2,196,170,3,,,,M,414,2,4.0,"SW.BAG,WEAK",2000
00IN02556,1996445173,T5173,44,T5173,96,2,42,1,02,802,427444,389344,2,,,,U,,2,158,150,2,,,,C,U,A,4.0,FIBERY? X,2000
00IN02557,1996445179,T5179,44,T5179,96,2,ID,1,02,415,405200,316844,I,,,,7,,*,0,0,0,,97,0530,I,,,4.0,NO BAG,2000
00IN02558,1996445181,T5181,44,T5181,96,2,42,1,02,842,435044,446444,2,,,,1,,1,130,132,2,,,,C,862,2,4.0,"LAME, RR '99",2000
00IN02559,1996445188,T5188,44,T5188,96,2,ID,1,02,412,448344,294844,I,,,,6,,1,183,0,0,,04,0615,I,,,4.0,"RP,DYSTOCIA",2000
00IN02560,1996445192,T5192,44,T5192,96,1,ch,1,01,j.0,436744,499944,2,,,,3,LIB,*,0,0,0,1,,,c,,,4.0,,2000
00IN02561,1996445201,T5201,44,T5201,96,2,42,1,02,822,439344,033844,2,,,,1,,2,201,188,2,,,,C,872,2,4.0,,2000
00IN02562,1996445205,T5205,44,T5205,96,2,41,1,02,412,448344,381444,2,,,,1,,2,157,171,2,,,,M,412,2,4.0,THIN,2000
00IN02563,1996445211,T5211,44,T5211,96,2,ID,1,02,414,432744,159444,I,,,,3,,X,0,0,0,,93,0612,I,,,4.0,LUNGER,2000
00IN02564,1996445215,T5215,44,T5215,96,2,41,1,02,413,420244,398344,2,,,,6,,1,182,0,0,,04,0602,M,,,4.0,4TEATS,2000
00IN02565,1996445223,T5223,44,T5223,96,2,41,1,02,412,448344,096944,2,,,,1,,1,182,176,4,,,,M,413,2,4.0,ENTR,2000
00IN02566,1996445224,T5224,44,T5224,96,2,42,1,02,902,443244,268044,2,,,,1,,2,180,172,2,,,,C,882,2,4.0,4TEATS,2000
00IN02567,1996445227,T5227,44,T5227,96,2,ID,1,02,415,405200,206944,I,,,,1,,2,208,191,2,,,,I,41T,1,4.0,4TEATS,2000
00IN02568,1996445235,T5235,44,T5235,96,2,42,1,02,882,463644,264144,2,,,,1,,2,158,157,2,,,,C,872,2,4.0,,2000
00IN02569,1996445240,T5240,44,T5240,96,2,41,1,02,414,432744,403444,2,,,,1,,2,196,187,3,,,,M,414,2,4.0,,2000
00IN02570,1996445251,T5251,44,T5251,96,2,41,1,02,411,426444,364544,2,,,,1,,1,200,191,2,,,,M,411,2,4.0,VLT R,2000
00IN02571,1996445260,T5260,44,T5260,96,2,42,1,02,822,439344,430544,2,,,,1,,3,139,165,2,,,,C,902,2,4.0,CTL w/ LIM,2000
00IN02572,1996445261,T5261,44,T5261,96,2,42,1,02,832,451344,256844,2,,,,1,,2,177,164,4,,,,C,912,2,4.0,,2000
00IN02573,1996445264,T5264,44,T5264,96,2,42,1,02,882,463644,385844,2,,,,1,,1,159,156,2,,,,C,802,2,4.0,,2000
00IN02574,1996445270,T5270,44,T5270,96,2,42,1,02,902,443244,429144,2,,,,1,,2,170,165,2,,,,C,822,2,4.0,4TEATS,2000
00IN02575,1996445271,T5271,44,T5271,96,2,42,1,02,802,427444,417344,2,,,,1,,2,176,161,2,,,,C,812,2,4.0,4TEATS,2000
00IN02576,1996445277,T5277,44,T5277,96,2,42,1,02,862,455444,435244,2,,,,1,,2,175,167,2,,,,C,832,2,4.0,,2000
00IN02577,1996445280,T5280,44,T5280,96,2,41,1,02,411,426444,411844,2,,,,3,,2,158,158,4,,93,1002,M,,,4.0,VLTS,2000
00IN02578,1996445282,T5282,44,T5282,96,1,ch,1,01,-0-,042310,391444,2,,,,3,LIB,*,0,0,0,X,93,0306,c,,,4.0,,2000
00IN02579,1996445283,T5283,44,T5283,96,2,41,1,02,412,448344,235344,2,,,,1,,2,181,165,2,,,,M,412,2,4.0,,2000
00IN02580,1996445299,T5299,44,T5299,96,2,42,1,02,812,453344,404444,2,,,,1,,2,172,164,2,,,,C,842,2,4.0,"FLTS, RP",2000
00IN02581,1996445311,T5311,44,T5311,96,2,42,1,02,912,431244,457244,2,,,,1,,1,181,167,2,,,,C,852,2,4.0,,2000
00IN02582,1996445320,T5320,44,T5320,96,2,41,1,02,411,426444,287644,2,,,,1,,1,247,204,2,,,,M,413,2,4.0,,2000
00IN02583,1996445328,T5328,44,T5328,96,2,ch,1,31,-0-,686803,438044,2,,NN,,1,,1,183,149,2,,,,h,BF,3,4.0,,2000
00IN02584,1996445340,T5340,44,T5340,96,2,41,1,02,413,420244,264744,2,,,,1,,2,183,166,1,,,,M,412,2,4.0,,2000
00IN02585,1996445342,T5342,44,T5342,96,2,41,1,02,414,432744,392444,2,,,,3,,H,170,168,3,,93,1002,M,,,4.0,RUPTURE SWBAG,2000
00IN02586,1996445346,T5346,44,T5346,96,2,ch,1,01,-2-,190810,075144,2,,,,1,,1,177,157,2,,04,1021,h,BF,3,4.0,ENTR,2000
00IN02587,1996445355,T5355,44,T5355,96,1,ch,1,01,-2-,149710,383544,2,,,,3,LIB,*,0,0,0,1,,,c,,,4.0,,2000
00IN02588,1996445359,T5359,44,T5359,96,2,42,1,02,812,453344,366344,2,,,,1,,2,199,167,2,,,,C,862,2,4.0,,2000
00IN02589,1996445373,T5373,44,T5373,96,2,41,1,02,412,448344,123644,2,,,,6,,*,0,0,0,,01,0322,M,,,4.0,4TEATS,2000
00IN02590,1996445376,T5376,44,T5376,96,2,41,1,02,414,432744,097244,2,,,,1,,1,174,178,2,,,,M,411,2,4.0,,2000
00IN02591,1996445383,T5383,44,T5383,96,2,ID,1,02,415,405200,271844,I,,,,1,,2,226,207,2,,,,I,42T,1,4.0,"RP,DAB 1of3",2000
00IN02592,1996445406,T5406,44,T5406,96,2,ch,1,32,-0-,686803,082144,2,,,,1,,H,229,218,2,,,,h,BF,3,4.0,,2000
00IN02593,1996445411,T5411,44,T5411,96,2,41,1,02,411,426444,403644,2,,,,1,,2,185,168,2,,,,M,412,2,4.0,4TEATS,2000
00IN02594,1996445425,T5425,44,T5425,96,2,42,1,02,822,439344,274044,2,,,,1,,2,200,177,2,,,,C,912,2,4.0,ABS.BUTT,2000
00IN02595,1996445429,T5429,44,T5429,96,2,42,1,02,912,431244,247844,2,,,,6,,2,159,0,0,,32,0524,C,,,4.0,4TEATS,2000
00IN02596,1996445442,T5442,44,T5442,96,2,42,1,02,842,435044,392844,2,,,,1,,1,153,147,2,,,,C,882,2,4.0,R.P.,2000
00IN02597,1996445447,T5447,44,T5447,96,2,ch,1,07,-2-,190810,436444,2,,,,1,,2,147,149,2,,,,h,BF,3,4.0,4TEATS,2000
00IN02598,1996445450,T5450,44,T5450,96,2,ID,1,02,415,405200,349944,I,,,,1,,5,202,204,1,,,,I,41T,1,4.0,4TEATS,2000
00IN02599,1996445456,T5456,44,T5456,96,2,42,1,02,852,430644,409944,2,,,,1,,2,183,158,2,,,,C,892,2,4.0,ENTR,2000
00IN02600,1996445465,T5465,44,T5465,96,2,41,1,02,414,432744,302044,2,,,,3,,5,198,203,1,,93,1002,M,,,4.0,4TEATS,2000
00IN02601,1996445467,T5467,44,T5467,96,2,ID,1,02,415,405200,164744,I,,,,1,,2,196,176,2,,,,I,42T,1,4.0,,2000
00IN02602,1996445468,T5468,44,T5468,96,1,41,1,02,413,420244,438644,2,,,,3,LIB,*,0,0,0,1,,,M,,,4.0,,2000
00IN02603,1996445473,T5473,44,T5473,96,2,41,1,02,412,448344,383344,2,,,,1,,1,178,172,2,,,,M,413,2,4.0,,2000
00IN02604,1996445492,T5492,44,T5492,96,2,41,1,02,411,426444,282444,2,,,,1,,1,189,167,2,,,,M,414,2,4.0,,2000
00IN02605,1996445496,T5496,44,T5496,96,2,41,1,02,412,448344,439544,2,,,,1,,2,178,171,3,,,,M,411,2,4.0,4TEATS,2000
00IN02606,1996445497,T5497,44,T5497,96,2,42,1,02,822,439344,256744,2,,,,3,OVX,*,0,0,0,X,,,C,,,4.0,BARREN >OVX,2000
00IN02607,1996445502,T5502,44,T5502,96,2,41,1,02,414,432744,388544,2,,,,1,,2,173,168,3,,,,M,412,2,4.0,4TEATS,2000
00IN02608,1996445505,T5505,44,T5505,96,1,ID,1,02,415,405200,355944,I,,ISA,,1,ISA,M,257,277,0,I,,,I,,,4.0,ISAAC jr.,2000
00IN02609,1996445506,T5506,44,T5506,96,2,ID,1,02,415,405200,355944,I,,,,1,,1,202,180,2,,,,I,41T,1,4.0,,2000
00IN02610,1996445507,T5507,44,T5507,96,2,42,1,02,892,451844,340444,2,,,,1,,2,119,127,3,,,,C,892,2,4.0,SW.BAG,2000
00IN02611,1996445515,T5515,44,T5515,96,2,41,1,02,412,448344,228944,2,,,,1,,2,181,187,2,,,,M,413,2,4.0,,2000
00IN02612,1996445516,T5516,44,T5516,96,2,41,1,02,412,448344,228944,2,,,,1,,2,158,147,2,,,,M,414,2,4.0,,2000
00IN02613,1996445517,T5517,44,T5517,96,2,42,1,02,812,453344,439444,2,,,,6,,2,138,0,0,,05,0603,C,,,4.0,MASTITIS 6/3,2000
00IN02614,1996445531,T5531,44,T5531,96,2,42,1,02,832,451344,276244,2,,,,1,,2,158,163,2,,,,C,902,2,4.0,,2000
00IN02615,1996445552,T5552,44,T5552,96,2,42,1,02,842,435044,257344,2,,,,1,,2,148,150,2,,,,C,802,2,4.0,SMALL,2000
00IN02616,1996445555,T5555,44,T5555,96,2,41,1,02,411,426444,260244,2,,,,1,,5,200,215,1,,,,M,411,2,4.0,4TEATS &NICE,2000
00IN02617,1996445557,T5557,44,T5557,96,2,ID,1,02,411,426444,278044,I,,,,1,,1,198,191,3,,,,I,43T,1,4.0,? QUADS,2000
00IN02618,1996445563,T5563,44,T5563,96,2,41,1,02,412,448344,463744,2,,,,1,,2,166,172,2,,,,M,412,2,4.0,,2000
00IN02619,1996445568,T5568,44,T5568,96,2,41,1,02,413,420244,387644,2,,,,1,,1,188,181,2,,,,M,413,2,4.0,"VLT R, ODD",2000
00IN02620,1996445570,T5570,44,T5570,96,2,41,1,02,413,420244,421644,2,,,,1,,H,195,194,2,,,,M,414,2,4.0,,2000
00IN02621,1996445575,T5575,44,T5575,96,2,ID,1,02,415,405200,188544,I,,,,1,,1,211,180,2,,,,I,42T,1,4.0,,2000
00IN02622,1996445586,T5586,44,T5586,96,2,ID,1,02,415,405200,342944,I,,,,1,,1,200,195,2,,,,I,41T,1,4.0,NICE ISAACS,2000
00IN02623,1996445597,T5597,44,T5597,96,2,ID,1,02,415,405200,170944,I,,,,1,,1,184,161,2,,16,0919,I,42T,1,4.0,ON BACK,2000
00IN02624,1996445609,T5609,44,T5609,96,2,ID,1,02,415,405200,295744,I,,,,1,,1,192,160,2,,76,1121,I,41T,1,4.0,"OPP, CLA",2000
00IN02625,1996445614,T5614,44,T5614,96,2,42,1,02,852,430644,232344,2,,,,U,,1,202,200,2,,95,1013,C,U,,4.0,SM.BAG,2000
00IN02626,1996445616,T5616,44,T5616,96,2,41,1,02,412,448344,404744,2,,,,3,,2,175,166,11,,93,1002,M,,,4.0,,2000
00IN02627,1996445621,T5621,44,T5621,96,2,ID,1,02,415,405200,207844,7,,,,6,RUM,*,0,0,0,R,95,0208,I,,,4.0,4TEATS,2000
00IN02628,1996445626,T5626,44,T5626,96,2,ch,1,32,j.7,432544,491044,2,,,,1,,2,214,177,2,,,,h,BF,3,4.0,SM.BAG-,2000
00IN02629,1996445627,T5627,44,T5627,96,2,ID,1,02,415,405200,253744,I,,,,1,,2,187,184,2,,,,I,42T,1,4.0,CAKED,2000
00IN02630,1996445630,T5630,44,T5630,96,2,ch,1,31,j.3,126404,503544,2,,NN,,1,,1,207,173,3,,,,h,BF,3,4.0,,2000
00IN02631,1996445648,T5648,44,T5648,96,2,42,1,02,862,455444,382644,2,,,,1,,1,169,159,2,,,,C,812,2,4.0,,2000
00IN02632,1996445649,T5649,44,T5649,96,2,ID,1,02,415,405200,191744,I,,,,1,,1,172,141,2,,,,I,41T,1,4.0,,2000
00IN02633,1996445660,T5660,44,T5660,96,2,ID,1,02,415,405200,188844,I,,,,U,,1,178,155,2,,76,1226,I,U,A,4.0,NO BAG,2000
00IN02634,1996445666,T5666,44,T5666,96,2,41,1,02,414,432744,282144,2,,,,1,,2,160,159,2,,,,M,411,2,4.0,VLTS,2000
00IN02635,1996445668,T5668,44,T5668,96,2,42,1,02,892,451844,236744,2,,,,1,,3,155,148,2,,,,C,822,2,4.0,DYSTOCIA ok,2000
00IN02636,1996445672,T5672,44,T5672,96,2,42,1,02,872,417944,383744,2,,,,1,,1,173,170,2,,,,C,832,2,4.0,,2000
00IN02637,1996445679,T5679,44,T5679,96,2,41,1,02,412,448344,270844,2,,,,1,,1,180,167,2,,,,M,414,2,4.0,4TEATS,2000
00IN02638,1996445682,T5682,44,T5682,96,2,41,1,02,414,432744,261844,2,,,,U,,1,188,195,2,,,,M,U,A,4.0,"BADBAG,WATERY",2000
00IN02639,1996445693,T5693,44,T5693,96,2,41,1,02,412,448344,395644,2,,,,1,,1,199,171,2,,,,M,413,2,4.0,R.P.,2000
00IN02640,1996445703,T5703,44,T5703,96,2,41,1,02,412,448344,371544,2,,,,1,,2,187,183,2,,,,M,414,2,4.0,DYSTOCIA,2000
00IN02641,1996445706,T5706,44,T5706,96,2,42,1,02,832,451344,225844,2,,,,3,OVX,*,0,0,0,X,,,C,,,4.0,R.SPOILED,2000
00IN02642,1996445708,T5708,44,T5708,96,2,41,1,02,414,432744,267744,2,,,,6,,*,0,0,0,,17,0324,M,,,4.0,,2000
00IN02643,1996445724,T5724,44,T5724,96,2,42,1,02,872,417944,057944,2,,,,1,,1,153,148,2,,,,C,842,2,4.0,ENTR,2000
00IN02644,1996445727,T5727,44,T5727,96,2,42,1,02,882,463644,259544,2,,,,U,,2,151,160,2,,95,1020,C,U,,4.0,X HARD BAG M1,2000
00IN02645,1996445744,T5744,44,T5744,96,2,41,1,02,411,426444,439044,2,,,,1,,1,179,167,3,,,,M,411,2,4.0,"ABS.BAG""5""",2000
00IN02646,1996445758,T5758,44,T5758,96,2,41,1,02,412,448344,445844,2,,,,7,,1,193,0,0,,97,0915,M,,,4.0,,2000
00IN02647,1996445769,T5769,44,T5769,96,2,42,1,02,902,443244,416344,2,,,,6,OVX,*,0,0,0,X,95,0308,C,,,4.0,BARREN >OVX,2000
00IN02648,1996445775,T5775,44,T5775,96,2,42,1,02,812,453344,418744,2,,,,1,,2,174,154,2,,,,C,852,2,4.0,,2000
00IN02649,1996445783,T5783,44,T5783,96,2,ch,1,01,j.9,435344,495444,2,,,,U,,1,170,153,11,,95,1013,c,U,,4.0,,2000
00IN02650,1996445786,T5786,44,T5786,96,2,42,1,02,802,427444,365944,2,,,,1,,2,169,165,4,,,,C,862,2,4.0,URI TRT ok,2000
00IN02651,1997445844,T5844,44,T5844,97,2,41,1,02,411,470044,201444,2,,,,1,,2,167,179,2,,,,M,412,2,3.0,,2000
00IN02652,1997445853,T5853,44,T5853,97,2,ID,1,02,412,490344,207144,I,,,,1,,2,170,162,2,,,,I,43T,1,3.0,BRN.EARS,2000
00IN02653,1997445858,T5858,44,T5858,97,2,41,1,02,411,470044,460444,2,,,,1,,1,189,182,2,,,,M,413,2,3.0,LTS,2000
00IN02654,1997445872,T5872,44,T5872,97,2,41,1,02,413,487944,364544,2,,,,1,,2,174,173,2,,,,M,414,2,3.0,4TEATS,2000
00IN02655,1997445889,T5889,44,T5889,97,2,41,1,02,413,487944,211044,2,,,,1,,1,172,171,2,,,,M,411,2,3.0,HAIRY,2000
00IN02656,1997445890,T5890,44,T5890,97,2,41,1,02,413,487944,211044,2,,,,1,,2,174,154,2,,,,M,412,2,3.0,LTS,2000
00IN02657,1997445899,T5899,44,T5899,97,2,41,1,02,413,487944,383344,2,,,,7,,2,175,0,0,,97,0915,M,,,3.0,BAD SW.BAG,2000
00IN02658,1997445910,T5910,44,T5910,97,2,41,1,02,413,487944,399944,2,,,,1,,2,172,157,2,,,,M,413,2,3.0,,2000
00IN02659,1997445927,T5927,44,T5927,97,2,ID,1,02,415,405200,289444,I,,,,1,,2,197,174,2,,,,I,42T,1,3.0,,2000
00IN02660,1997445928,T5928,44,T5928,97,2,ID,1,02,415,405200,289444,I,,,,1,,2,216,191,2,,,,I,41T,1,3.0,SMALL BAG,2000
00IN02661,1997445937,T5937,44,T5937,97,2,42,1,02,912,472344,457244,2,,,,6,,*,0,0,0,,86,0428,C,,,3.0,DOWNER 4/28,2000
00IN02662,1997445939,T5939,44,T5939,97,2,42,1,02,912,472344,457244,2,,NN,,1,,2,186,160,2,,,,C,55,1,3.0,,2000
00IN02663,1997445950,T5950,44,T5950,97,2,41,1,02,412,490344,259144,2,,,,1,,2,197,200,4,,,,M,414,2,3.0,DYSTOCIA ok,2000
00IN02664,1997445957,T5957,44,T5957,97,2,42,1,02,912,472344,409344,2,,,,1,,2,146,142,2,,,,C,872,2,3.0,,2000
00IN02665,1997445960,T5960,44,T5960,97,2,42,1,02,802,505744,257344,2,,,,U,,2,140,154,2,,,,C,U,A,3.0,MLTS X,2000
00IN02666,1997445964,T5964,44,T5964,97,2,41,1,02,412,490344,485544,2,,,,6,,2,167,0,0,,05,0607,M,,,3.0,MASTITIS 6/7,2000
00IN02667,1997445971,T5971,44,T5971,97,2,41,1,02,414,491744,444844,7,,,,3,RUM,*,0,0,0,R,93,0110,M,,,3.0,"X,MASTITIS",2000
00IN02668,1997445975,T5975,44,T5975,97,2,41,1,02,411,470044,259344,2,,,,1,,2,135,143,2,,,,M,412,2,3.0,,2000
00IN02669,1997445978,T5978,44,T5978,97,2,41,1,02,411,470044,384744,2,,,,1,,2,157,157,2,,,,M,413,2,3.0,,2000
00IN02670,1997445980,T5980,44,T5980,97,2,42,1,02,862,475344,417344,2,,,,3,OVX,*,0,0,0,X,,,C,,,3.0,BARREN,2000
00IN02671,1997445981,T5981,44,T5981,97,2,41,1,02,414,491744,477844,2,,,,1,,2,197,171,2,,,,M,411,2,3.0,VLT R,2000
00IN02672,1997445983,T5983,44,T5983,97,2,41,1,02,414,491744,411844,2,,,,U,,2,167,168,2,,18,1201,M,U,A,3.0,X BALD,2000
00IN02673,1997445993,T5993,44,T5993,97,2,41,1,02,411,470044,269344,2,,,,1,,2,185,171,2,,,,M,414,2,3.0,FLTS,2000
00IN02674,1997445997,T5997,44,T5997,97,2,42,1,02,812,486544,375244,2,,,,1,,2,120,121,2,,,,C,882,2,3.0,,2000
00IN02675,1997445998,T5998,44,T5998,97,2,42,1,02,892,482244,491244,2,,,,1,,2,140,132,2,,,,C,892,2,3.0,,2000
00IN02676,1997446003,T6003,44,T6003,97,2,ID,1,02,411,470044,295744,I,,,,1,,1,168,169,2,,,,I,43T,1,3.0,BALD,2000
00IN02677,1997446009,T6009,44,T6009,97,1,42,1,02,862,475344,484344,2,,,,3,LIB,*,0,0,0,X,93,0306,C,,,3.0,,2000
00IN02678,1997446011,T6011,44,T6011,97,2,ID,1,02,412,490344,159444,I,,,,1,,1,180,178,2,,,,I,42T,1,3.0,,2000
00IN02679,1997446017,T6017,44,T6017,97,2,41,1,02,414,491744,501644,2,,,,1,,1,171,170,2,,,,M,411,2,3.0,FLTS,2000
00IN02680,1997446022,T6022,44,T6022,97,2,41,1,02,413,487944,261844,2,,,,1,,2,185,158,2,,,,M,412,2,3.0,,2000
00IN02681,1997446040,T6040,44,T6040,97,2,42,1,02,902,469644,293244,2,,,,3,,5,148,164,1,,93,1002,C,,,3.0,4TEATS,2000
00IN02682,1997446041,T6041,44,T6041,97,2,42,1,02,902,469644,293244,2,,,,1,,1,150,146,2,,,,C,892,2,3.0,,2000
00IN02683,1997446042,T6042,44,T6042,97,2,42,1,02,892,482244,475544,2,,,,U,,5,128,144,1,,,,C,U,A,3.0,4TEATS,2000
00IN02684,1997446045,T6045,44,T6045,97,1,41,1,02,411,470044,466544,2,,,,3,LIB,*,0,0,0,X,93,0306,M,,,3.0,,2000
00IN02685,1997446046,T6046,44,T6046,97,2,42,1,02,842,474844,502044,2,,,,3,,2,148,135,12,,93,1002,C,,,3.0,BIG CULL BAG,2000
00IN02686,1997446050,T6050,44,T6050,97,2,42,1,02,902,469644,435444,2,,,,3,OVX,*,0,0,0,X,,,C,,,3.0,"X,BAG,MILK1",2000
00IN02687,1997446055,T6055,44,T6055,97,2,41,1,02,413,487944,493844,2,,,,1,,2,173,163,3,,,,M,413,2,3.0,HYPERHOCK,2000
00IN02688,1997446072,T6072,44,T6072,97,2,ID,1,02,415,405200,198944,I,,,,1,,2,152,159,2,,,,I,42T,1,3.0,THIN,2000
00IN02689,1997446074,T6074,44,T6074,97,2,41,1,02,411,470044,225044,2,,,,1,,2,183,191,2,,,,M,414,2,3.0,,2000
00IN02690,1997446081,T6081,44,T6081,97,2,42,1,02,882,489644,421944,2,,,,U,,5,157,170,1,,,,C,U,A,3.0,,2000
00IN02691,1997446082,T6082,44,T6082,97,2,42,1,02,882,489644,421944,2,,,,U,,2,132,130,6,,,,C,U,A,3.0,,2000
00IN02692,1997446093,T6093,44,T6093,97,2,41,1,02,411,470044,031944,2,,,,1,,3,163,150,2,,,,M,412,2,3.0,4TEATS,2000
00IN02693,1997446094,T6094,44,T6094,97,2,42,1,02,862,475344,431344,2,,NN,,1,,1,153,151,1,,,,C,51,1,3.0,4TEATS,2000
00IN02694,1997446109,T6109,44,T6109,97,2,42,1,02,832,508044,482644,2,,,,1,,2,139,135,2,,,,C,912,2,3.0,,2000
00IN02695,1997446114,T6114,44,T6114,97,2,ID,1,02,413,487944,253744,I,,,,1,,1,205,186,2,,,,I,43T,1,3.0,?DISCHARGE,2000
00IN02696,1997446120,T6120,44,T6120,97,2,41,1,02,413,487944,466744,2,,,,1,,2,177,159,2,,,,M,411,2,3.0,,2000
00IN02697,1997446122,T6122,44,T6122,97,1,41,1,02,411,470044,149244,2,,,,3,LIB,*,0,0,0,X,93,0306,M,,,3.0,"H4,topEBV@411",2000
00IN02698,1997446124,T6124,44,T6124,97,2,41,1,02,413,487944,466444,2,,,,1,,1,181,169,3,,,,M,413,2,3.0,,2000
00IN02699,1997446131,T6131,44,T6131,97,2,42,1,02,882,489644,433544,2,,,,1,,2,144,153,2,,,,C,802,2,3.0,,2000
00IN02700,1997446133,T6133,44,T6133,97,2,41,1,02,411,470044,392444,2,,,,3,,2,163,163,11,,93,1002,M,,,3.0,4TEATS,2000
00IN02701,1997446137,T6137,44,T6137,97,2,42,1,02,832,508044,412544,2,,,,U,,3,164,151,2,,,,C,U,A,3.0,"HARDBAG,opp?",2000
00IN02702,1997446143,T6143,44,T6143,97,2,41,1,02,411,470044,427344,2,,,,U,,2,158,152,5,,,,M,U,A,3.0,4TEATS,2000
00IN02703,1997446146,T6146,44,T6146,97,2,42,1,02,872,514244,508544,2,,,,1,,2,142,129,2,,,,C,812,2,3.0,,2000
00IN02704,1997446151,T6151,44,T6151,97,1,41,1,02,412,490344,423644,2,,,,3,LIB,*,0,0,0,X,93,0306,M,,,3.0,TopEBV-pen412,2000
00IN02705,1997446152,T6152,44,T6152,97,2,ID,1,02,415,405200,128444,I,,,,1,,2,177,179,2,,,,I,41T,1,3.0,,2000
00IN02706,1997446160,T6160,44,T6160,97,2,42,1,02,902,469644,407644,2,,,,1,,2,159,144,2,,,,C,832,2,3.0,4TEATS,2000
00IN02707,1997446163,T6163,44,T6163,97,2,ID,1,02,415,405200,207844,I,,,,1,,5,192,211,1,,,,I,42T,1,3.0,"LAME,LF,4/99",2000
00IN02708,1997446167,T6167,44,T6167,97,2,42,1,02,802,505744,465044,2,,,,1,,2,167,171,3,,,,C,822,2,3.0,RP,2000
00IN02709,1997446168,T6168,44,T6168,97,2,41,1,02,413,487944,441644,2,,,,1,,2,142,149,2,,,,M,414,2,3.0,4TEATS,2000
00IN02710,1997446173,T6173,44,T6173,97,2,42,1,02,852,481844,402344,2,,,,1,,2,168,152,2,,,,C,842,2,3.0,,2000
00IN02711,1997446177,T6177,44,T6177,97,2,42,1,02,822,512744,467044,2,,,,1,,2,155,148,3,,,,C,852,2,3.0,,2000
00IN02712,1997446180,T6180,44,T6180,97,2,41,1,02,414,491744,264744,2,,,,1,,1,192,175,2,,,,M,411,2,3.0,ENTR,2000
00IN02713,1997446181,T6181,44,T6181,97,2,41,1,02,414,491744,264744,2,,,,6,,2,178,0,0,,04,0703,M,,,3.0,,2000
00IN02714,1997446185,T6185,44,T6185,97,2,ID,1,02,415,405200,410544,I,,,,1,,1,180,182,2,,,,I,42T,1,3.0,,2000
00IN02715,1997446187,T6187,44,T6187,97,2,41,1,02,411,470044,108344,2,,,,3,,5,201,210,1,,93,1002,M,,,3.0,,2000
00IN02716,1997446188,T6188,44,T6188,97,2,ID,1,02,415,405200,362044,I,,,,1,,1,204,194,2,,,,I,42T,1,3.0,,2000
00IN02717,1997446198,T6198,44,T6198,97,2,41,1,02,413,487944,123644,2,,,,U,,2,157,180,1,,,,M,U,A,3.0,4TEATS,2000
00IN02718,1997446202,T6202,44,T6202,97,2,42,1,02,842,474844,416344,2,,,,1,,2,139,135,2,,,,C,862,2,3.0,,2000
00IN02719,1997446207,T6207,44,T6207,97,2,ID,1,02,415,405200,334844,I,,,,1,,1,223,196,2,,,,I,41T,1,3.0,4TEATS,2000
00IN02720,1997446218,T6218,44,T6218,97,2,ID,1,02,415,405200,355944,I,,,,6,,2,189,0,0,,04,0704,I,,,3.0,,2000
00IN02721,1997446220,T6220,44,T6220,97,2,ID,1,02,415,405200,188544,I,,,,1,,2,158,155,2,,,,I,42T,1,3.0,FX.RIBS,2000
00IN02722,1997446222,T6222,44,T6222,97,2,42,1,02,822,512744,396944,2,,,,1,,2,158,159,2,,,,C,872,2,3.0,,2000
00IN02723,1997446233,T6233,44,T6233,97,2,42,1,02,852,481844,483144,2,,,,1,,2,188,170,2,,,,C,882,2,3.0,4TEATS,2000
00IN02724,1997446234,T6234,44,T6234,97,2,42,1,02,872,514244,274044,2,,,,1,,1,153,146,2,,,,C,902,2,3.0,4TEATS,2000
00IN02725,1997446240,T6240,44,T6240,97,2,42,1,02,892,482244,345944,2,,,,1,,2,123,123,2,,,,C,902,2,3.0,L.EYE ok,2000
00IN02726,1997446243,T6243,44,T6243,97,2,42,1,02,822,512744,225844,2,,,,1,,2,154,155,2,,,,C,912,2,3.0,,2000
00IN02727,1997446247,T6247,44,T6247,97,2,41,1,02,412,490344,270844,2,,,,1,,1,175,176,1,,,,M,413,2,3.0,DYSTOCIA ok,2000
00IN02728,1997446249,T6249,44,T6249,97,2,ID,1,02,413,487944,410944,I,,,,1,,1,183,166,2,,,,I,43T,1,3.0,HAIRY,2000
00IN02729,1997446257,T6257,44,T6257,97,2,ID,1,02,415,405200,133244,I,,,,1,,1,163,160,2,,,,I,41T,1,3.0,4TEATS,2000
00IN02730,1997446258,T6258,44,T6258,97,2,41,1,02,412,490344,239144,2,,,,1,,2,143,156,2,,,,M,414,2,3.0,LETHARGIC,2000
00IN02731,1997446263,T6263,44,T6263,97,2,42,1,02,822,512744,410844,2,,,,1,,2,155,136,2,,,,C,802,2,3.0,,2000
00IN02732,1997446269,T6269,44,T6269,97,2,ID,1,02,415,405200,373944,I,,,,1,,1,197,180,2,,,,I,41T,1,3.0,TRT R.EYE,2000
00IN02733,1997446275,T6275,44,T6275,97,2,41,1,02,411,470044,282444,2,,,,3,,2,167,150,5,,93,1002,M,,,3.0,,2000
00IN02734,1997446287,T6287,44,T6287,97,2,ID,1,02,412,490344,358444,I,,,,1,,1,186,189,2,,,,I,43T,1,3.0,DYSTOCIA'99,2000
00IN02735,1997446325,T6325,44,T6325,97,2,41,1,02,411,470044,469344,2,,,,1,,2,179,168,2,,,,M,412,2,3.0,SUCK1SIDE,2000
00IN02736,1997446329,T6329,44,T6329,97,2,42,1,02,832,508044,379244,2,,NN,,1,,2,149,151,2,,,,C,52,1,3.0,,2000
00IN02737,1997446334,T6334,44,T6334,97,2,41,1,02,413,487944,436644,2,,,,1,,2,181,167,2,,,,M,412,2,3.0,VLT L,2000
00IN02738,1997446350,T6350,44,T6350,97,2,41,1,02,412,490344,463744,2,,,,1,,1,156,157,2,,,,M,411,2,3.0,,2000
00IN02739,1997446351,T6351,44,T6351,97,2,41,1,02,412,490344,463744,2,,,,1,,2,163,150,2,,,,M,413,2,3.0,NICE,2000
00IN02740,1997446356,T6356,44,T6356,97,2,00,1,02,413,487944,382944,1,,,0,1,BLK,2,160,174,1,B,,,.,42,2,3.0,BLACK EWE,2000
00IN02741,1997446364,T6364,44,T6364,97,2,41,1,02,414,491744,403644,2,,,,1,,2,215,186,2,,,,M,411,2,3.0,DYSTOCIA'99,2000
00IN02742,1997446374,T6374,44,T6374,97,2,42,1,02,812,486544,100444,2,,,,1,,2,104,118,2,,,,C,812,2,3.0,,2000
00IN02743,1997446382,T6382,44,T6382,97,2,41,1,02,414,491744,302044,2,,,,1,,2,199,173,2,,,,M,412,2,3.0,4TEATS,2000
00IN02744,1997446384,T6384,44,T6384,97,2,ID,1,02,415,405200,183444,I,,,,U,,2,171,168,2,,,,I,U,A,3.0,RUPTURE R X,2000
00IN02745,1997446388,T6388,44,T6388,97,2,42,1,02,842,474844,232344,2,,,,1,,2,134,139,2,,,,C,822,2,3.0,,2000
00IN02746,1997446392,T6392,44,T6392,97,2,42,1,02,872,514244,451044,2,,NN,,1,,2,155,155,2,,,,C,53,1,3.0,,2000
00IN02747,1997446400,T6400,44,T6400,97,2,41,1,02,412,490344,228944,2,,,,1,,2,178,174,2,,,,M,414,2,3.0,4TEATS,2000
00IN02748,1997446410,T6410,44,T6410,97,2,42,1,02,862,475344,402844,2,,,,3,OVX,*,0,0,0,X,,,C,,,3.0,BARREN,2000
00IN02749,1997446412,T6412,44,T6412,97,2,41,1,02,411,470044,445844,2,,,,1,,2,166,153,2,,,,M,413,2,3.0,,2000
00IN02750,1998446422,T6422,44,T6422,98,1,ID,1,02,41T,135800,410044,2,,,,7,LIB,*,0,0,0,1,97,0830,I,,,2.0,"RX L.EYE,DUD",2000
00IN02751,1998446428,T6428,44,T6428,98,1,ID,1,02,42T,135800,545044,I,,McR,,2,LIB,M,211,245,0,I,,,I,,,2.0,"DUD, age2",2000
00IN02752,1998446432,T6432,44,T6432,98,1,ID,1,02,41T,135800,355944,2,,,,3,LIB,*,0,0,0,1,,,I,,,2.0,DUD,2000
00IN02753,1998446434,T6434,44,T6434,98,1,ID,1,02,42T,135800,536244,I,,McR,,1,,M,207,239,0,U,93,1219,I,,,2.0,DUD,2000
00IN02754,1998446435,T6435,44,T6435,98,2,ID,1,02,42T,135800,536244,I,,,,K,,K,155,0,0,,,,I,KNA,3,2.0,TINY UDDER,2000
00IN02755,1998446436,T6436,44,T6436,98,2,ID,1,02,42T,135800,560944,2,,,,3,OVX,*,0,0,0,X,,,I,,,2.0,VAG.PROLAPSE,2000
00IN02756,1998446437,T6437,44,T6437,98,2,ID,1,02,42T,135800,560944,I,,,,1,,1,200,180,2,,,,I,43T,1,2.0,,2000
00IN02757,1998446438,T6438,44,T6438,98,1,ID,1,02,42T,135800,550644,2,,,,3,LIB,*,0,0,0,1,,,I,,,2.0,DUD,2000
00IN02758,1998446439,T6439,44,T6439,98,2,ID,1,02,42T,135800,191744,I,,,,1,,2,189,171,2,,,,I,43T,1,2.0,4TEATS,2000
00IN02759,1998446440,T6440,44,T6440,98,1,ID,1,02,41T,135800,410944,I,,McR,,1,,M,228,273,0,I,,,I,,,2.0,"MR.BIG,NICE",2000
00IN02760,1998446446,T6446,44,T6446,98,2,ID,1,02,41T,135800,410544,I,,,,1,,2,164,175,2,,,,I,43T,1,2.0,,2000
00IN02761,1998446449,T6449,44,T6449,98,2,ID,1,02,42T,006400,286344,I,,,,1,,1,185,193,2,,,,I,43T,1,2.0,,2000
00IN02762,1998446450,T6450,44,T6450,98,2,ID,1,02,41T,135800,182544,I,,,,U,,2,148,142,1,,95,1106,I,U,A,2.0,@MUD LAKE,2000
00IN02763,1998446454,T6454,44,T6454,98,2,ID,1,02,41T,405200,196144,I,,,,O,OVX,5,177,187,1,X,,,I,,,2.0,OVX,2000
00IN02764,1998446455,T6455,44,T6455,98,2,ID,1,02,41T,405200,196144,I,,,,1,,1,162,177,2,,,,I,41T,1,2.0,4TEATS,2000
00IN02765,1998446456,T6456,44,T6456,98,2,ID,1,02,41T,405200,342744,I,,,,1,,1,164,180,2,,,,I,42T,1,2.0,,2000
00IN02766,1998446460,T6460,44,T6460,98,2,ID,1,02,42T,006400,301644,I,,,,1,,1,182,169,2,,,,I,43T,1,2.0,,2000
00IN02767,1998446466,T6466,44,T6466,98,2,ID,1,02,41T,405200,299144,I,,,,1,,1,202,200,2,,,,I,41T,1,2.0,DYSTOCIA,2000
00IN02768,1998446474,T6474,44,T6474,98,2,ID,1,02,41T,405200,305444,I,,,,1,,1,174,163,2,,,,I,42T,1,2.0,,2000
00IN02769,1998446475,T6475,44,T6475,98,2,ID,1,02,41T,405200,305444,I,,,,3,,2,170,180,12,,93,1002,I,,,2.0,DYSTOCIA,2000
00IN02770,1998446479,T6479,44,T6479,98,2,ID,1,02,42T,006400,194544,I,,,,1,,1,165,186,2,,,,I,43T,1,2.0,4TEATS,2000
00IN02771,1998446481,T6481,44,T6481,98,2,ID,1,02,e.4,550544,600344,I,,,,1,,1,171,175,2,,,,I,41T,1,2.0,,2000
00IN02772,1998446485,T6485,44,T6485,98,2,41,1,02,413,521344,485944,7,,,,1,PUB,3,147,151,2,,,,M,414,2,2.0,,2000
00IN02773,1998446486,T6486,44,T6486,98,2,ID,1,02,e.4,550544,585344,I,,,,1,,1,185,191,2,,,,I,42T,1,2.0,DYSTOCIA,2000
00IN02774,1998446488,T6488,44,T6488,98,2,41,1,02,414,552544,555544,7,,,,3,PUB,3,166,189,1,,93,1002,M,,,2.0,4TEATS,2000
00IN02775,1998446489,T6489,44,T6489,98,2,ID,1,02,e.5,547544,592844,I,,,,1,,2,153,153,2,,,,I,43T,1,2.0,ENTR,2000
00IN02776,1998446493,T6493,44,T6493,98,1,ID,1,02,42T,006400,331144,I,,KK,,3,KK,M,225,264,0,,93,0812,I,,,2.0,DUD?,2000
00IN02777,1998446496,T6496,44,T6496,98,2,ID,1,02,41T,405200,327944,I,,,,6,,2,176,0,0,,32,0524,I,,,2.0,NO BAG,2000
00IN02778,1998446498,T6498,44,T6498,98,2,ID,1,02,41T,405200,327944,I,,,,1,,2,163,176,2,,,,I,41T,1,2.0,,2000
00IN02779,1998446499,T6499,44,T6499,98,2,42,1,02,842,516844,268044,7,,NN,,1,PUB,3,124,146,2,,,,C,54,1,2.0,4TEATS,2000
00IN02780,1998446501,T6501,44,T6501,98,1,ID,1,02,41T,405200,319244,I,,ISA,,2,LIB,M,217,257,0,I,,,I,,,2.0,"DUD, age2",2000
00IN02781,1998446502,T6502,44,T6502,98,2,ID,1,02,41T,405200,319244,I,,,,1,,2,184,188,2,,,,I,42T,1,2.0,4TEATS,2000
00IN02782,1998446503,T6503,44,T6503,98,2,41,1,02,413,521344,520644,7,,,,1,PUB,3,166,161,2,,,,M,411,2,2.0,,2000
00IN02783,1998446504,T6504,44,T6504,98,2,42,1,02,872,570744,382644,7,,,,U,PUB,5,152,184,2,,,,C,U,A,2.0,"TRT,DOWNER",2000
00IN02784,1998446508,T6508,44,T6508,98,2,41,1,02,411,525244,466544,7,,NN,,1,PUB,5,139,164,1,,,,M,55,1,2.0,HAIRY,2000
00IN02785,1998446510,T6510,44,T6510,98,2,ID,1,02,41T,405200,307144,I,,,,1,,1,187,184,2,,,,I,41T,1,2.0,,2000
00IN02786,1998446511,T6511,44,T6511,98,2,ID,1,02,42T,006400,566044,I,,,,1,,1,186,205,2,,,,I,43T,1,2.0,,2000
00IN02787,1998446525,T6525,44,T6525,98,2,41,1,02,411,525244,522344,7,,,,1,PUB,3,164,167,2,,,,M,412,2,2.0,,2000
00IN02788,1998446526,T6526,44,T6526,98,2,41,1,02,411,525244,522344,7,,,,1,PUB,3,163,158,2,,,,M,413,2,2.0,,2000
00IN02789,1998446527,T6527,44,T6527,98,2,42,1,02,812,533744,527044,7,,,,1,PUB,3,135,142,2,,,,C,832,2,2.0,ENTR,2000
00IN02790,1998446533,T6533,44,T6533,98,2,ID,1,02,42T,006400,302644,I,,,,1,,1,158,170,4,,,,I,43T,1,2.0,4TEATS,2000
00IN02791,1998446535,T6535,44,T6535,98,1,ID,1,02,41T,405200,339544,I,,ISA,,2,140,M,229,268,0,,92,0921,I,,,2.0,M:115,2000
00IN02792,1998446540,T6540,44,T6540,98,1,ID,1,02,42T,006400,315844,2,,,,3,LIB,*,0,0,0,1,,,I,,,2.0,DUD,2000
00IN02793,1998446542,T6542,44,T6542,98,1,42,1,02,812,533744,561444,2,,,,3,VAS,M,175,207,0,X,,,C,,,2.0,VASCECTOMY,2000
00IN02794,1998446544,T6544,44,T6544,98,2,41,1,02,413,521344,511744,7,,,,1,PUB,5,128,154,1,,,,M,414,2,2.0,4TEATS,2000
00IN02795,1998446550,T6550,44,T6550,98,2,ID,1,02,e.4,550544,585244,7,,,,6,RUM,*,0,0,0,R,95,0208,I,,,2.0,,2000
00IN02796,1998446556,T6556,44,T6556,98,2,41,1,02,411,525244,211044,7,,,,1,PUB,3,158,163,2,,,,M,411,2,2.0,,2000
00IN02797,1998446566,T6566,44,T6566,98,2,41,1,02,411,525244,387644,7,,,,O,OVX,5,146,160,1,X,,,M,,,2.0,OVX,2000
00IN02798,1998446569,T6569,44,T6569,98,1,42,1,02,842,516844,392844,2,,,,3,,M,180,211,0,,93,0812,C,,,2.0,,2000
00IN02799,1998446570,T6570,44,T6570,98,2,ID,1,02,42T,006400,198944,I,,,,3,,5,106,99,1,,93,1002,I,,,2.0,LUNGER,2000
00IN02800,1998446572,T6572,44,T6572,98,2,42,1,02,842,516844,475144,7,,,,U,PUB,3,128,150,11,,,,C,U,A,2.0,,2000
00IN02801,1998446576,T6576,44,T6576,98,2,42,1,02,832,544444,385944,7,,,,1,PUB,3,137,157,2,,,,C,842,2,2.0,4TEATS,2000
00IN02802,1998446581,T6581,44,T6581,98,2,42,1,02,852,579044,467644,7,,,,3,PUB,3,134,168,1,,93,1002,C,,,2.0,,2000
00IN02803,1998446585,T6585,44,T6585,98,1,41,1,02,412,556244,381444,2,,,,2,148,M,212,258,0,,92,0921,M,,,2.0,,2000
00IN02804,1998446590,T6590,44,T6590,98,1,41,1,02,412,556244,541144,2,,,,3,LIB,*,0,0,0,1,,,M,,,2.0,DUD,2000
00IN02805,1998446593,T6593,44,T6593,98,2,41,1,02,414,552544,302044,2,,,,3,OVX,*,0,0,0,X,,,M,,,2.0,VAG.PROLAPSE,2000
00IN02806,1998446594,T6594,44,T6594,98,1,41,1,02,414,552544,302044,2,,,,3,,M,208,241,0,,93,0812,M,,,2.0,,2000
00IN02807,1998446596,T6596,44,T6596,98,2,ID,1,02,42T,006400,517944,I,,,,1,,1,186,205,2,,,,I,43T,1,2.0,,2000
00IN02808,1998446597,T6597,44,T6597,98,2,42,1,02,812,533744,473244,7,,,,6,PUB,3,153,0,0,,16,0510,C,,,2.0,ON BACK 5/10,2000
00IN02809,1998446598,T6598,44,T6598,98,2,42,1,02,812,533744,473244,7,,NN,,1,PUB,3,123,144,1,,,,C,51,1,2.0,4TEATS,2000
00IN02810,1998446599,T6599,44,T6599,98,2,42,1,02,802,541644,495744,7,,,,O,OVX,5,136,170,1,X,,,C,,,2.0,OVX,2000
00IN02811,1998446608,T6608,44,T6608,98,2,ID,1,02,41T,405200,305944,I,,,,3,,5,184,218,1,,93,1002,I,,,2.0,"WILD,JUMPER",2000
00IN02812,1998446610,T6610,44,T6610,98,2,41,1,02,414,552544,551644,2,,,,3,OVX,*,0,0,0,X,,,M,,,2.0,VAG.PROLAPSE,2000
00IN02813,1998446620,T6620,44,T6620,98,2,41,1,02,413,521344,422044,7,,,,1,PUB,3,155,162,2,,,,M,412,2,2.0,,2000
00IN02814,1998446625,T6625,44,T6625,98,2,42,1,02,822,530744,467044,7,,,,1,PUB,3,138,150,2,,,,C,852,2,2.0,,2000
00IN02815,1998446631,T6631,44,T6631,98,2,42,1,02,882,548444,542544,7,,,,1,PUB,3,144,140,2,,,,C,862,2,2.0,4TEATS,2000
00IN02816,1998446636,T6636,44,T6636,98,1,ID,1,02,41T,405200,364444,I,,ISA,,2,141,M,212,235,0,,93,1030,I,,,2.0,SALE DUD,2000
00IN02817,1998446639,T6639,44,T6639,98,2,42,1,02,832,544444,274044,7,,,,1,PUB,3,119,139,2,,,,C,852,2,2.0,4TEATS,2000
00IN02818,1998446640,T6640,44,T6640,98,2,42,1,02,812,533744,412544,7,,,,1,PUB,3,160,164,2,,,,C,882,2,2.0,,2000
00IN02819,1998446646,T6646,44,T6646,98,1,42,1,02,822,530744,262944,2,,,,2,145,M,192,225,0,,92,0921,C,,,2.0,4TEATS,2000
00IN02820,1998446649,T6649,44,T6649,98,2,ID,1,02,41T,405200,521144,I,,,,1,,2,167,168,2,,,,I,42T,1,2.0,,2000
00IN02821,1998446654,T6654,44,T6654,98,2,42,1,02,852,579044,423944,7,,,,1,PUB,3,129,148,2,,,,C,892,2,2.0,,2000
00IN02822,1998446659,T6659,44,T6659,98,2,42,1,02,822,530744,531144,7,,,,1,PUB,3,160,161,2,,,,C,902,2,2.0,,2000
00IN02823,1998446663,T6663,44,T6663,98,2,42,1,02,832,544444,433544,7,,,,1,PUB,3,126,135,2,,,,C,912,2,2.0,4TEATS,2000
00IN02824,1998446667,T6667,44,T6667,98,1,42,1,02,872,570744,411344,2,,,,3,,M,196,227,0,,93,0812,C,,,2.0,,2000
00IN02825,1998446670,T6670,44,T6670,98,2,41,1,02,412,556244,466444,7,,,,1,PUB,3,176,159,2,,,,M,413,2,2.0,,2000
00IN02826,1998446673,T6673,44,T6673,98,2,41,1,02,414,552544,466344,7,,,,1,PUB,3,158,159,2,,,,M,414,2,2.0,,2000
00IN02827,1998446674,T6674,44,T6674,98,1,ID,1,02,41T,405200,337244,I,,ISA,,2,142,M,204,230,0,,92,0921,I,,,2.0,FIDX:110,2000
00IN02828,1998446680,T6680,44,T6680,98,2,42,1,02,892,536044,404444,7,,,,1,PUB,3,128,139,2,,,,C,802,2,2.0,4TEATS,2000
00IN02829,1998446683,T6683,44,T6683,98,2,41,1,02,412,556244,510344,7,,NN,,1,PUB,5,162,187,2,,,,M,52,1,2.0,4TEATS,2000
00IN02830,1998446684,T6684,44,T6684,98,1,42,1,02,802,541644,409344,2,,,,3,,M,193,223,0,,93,0812,C,,,2.0,,2000
00IN02831,1998446686,T6686,44,T6686,98,2,41,1,02,412,556244,474444,7,,,,1,PUB,3,149,164,2,,,,M,411,2,2.0,,2000
00IN02832,1998446687,T6687,44,T6687,98,2,41,1,02,412,556244,474444,7,,,,1,PUB,5,144,182,1,,,,M,412,2,2.0,,2000
00IN02833,1998446689,T6689,44,T6689,98,2,41,1,02,414,552544,501644,7,,,,3,PUB,3,150,156,12,,93,1002,M,,,2.0,ENTR,2000
00IN02834,1998446691,T6691,44,T6691,98,1,41,1,02,413,521344,398344,2,,,,3,LIB,*,0,0,0,1,,,M,,,2.0,DUD,2000
00IN02835,1998446694,T6694,44,T6694,98,1,42,1,02,812,533744,577544,2,,,,2,150,M,186,210,0,,92,0921,C,,,2.0,4TEATS,2000
00IN02836,1998446696,T6696,44,T6696,98,2,41,1,02,414,552544,426344,7,,,,7,PUB,3,146,0,0,,97,0929,M,,,2.0,THIN,2000
00IN02837,1998446697,T6697,44,T6697,98,2,41,1,02,414,552544,426344,7,,NN,,1,PUB,3,144,145,2,,,,M,53,1,2.0,,2000
00IN02838,1998446699,T6699,44,T6699,98,1,42,1,02,902,525544,236644,2,,,,3,,M,219,256,0,,93,0812,C,,,2.0,NICE,2000
00IN02839,1998446702,T6702,44,T6702,98,2,42,1,02,912,559344,402344,7,,,,1,PUB,3,139,149,2,,,,C,812,2,2.0,HAIRY,2000
00IN02840,1998446704,T6704,44,T6704,98,1,42,1,02,862,522544,455344,2,,,,3,LIB,*,0,0,0,1,,,C,,,2.0,"NICE,DUD",2000
00IN02841,1998446706,T6706,44,T6706,98,2,41,1,02,414,552544,575844,7,,,,1,PUB,3,161,181,2,,,,M,413,2,2.0,4TEATS,2000
00IN02842,1998446708,T6708,44,T6708,98,2,41,1,02,413,521344,528344,7,,,,1,PUB,3,175,160,2,,,,M,414,2,2.0,,2000
00IN02843,1998446709,T6709,44,T6709,98,2,41,1,02,413,521344,528344,7,,,,1,PUB,3,154,154,2,,,,M,411,2,2.0,SL.ENTR 1EYE,2000
00IN02844,1998446713,T6713,44,T6713,98,2,41,1,02,414,552544,534044,7,,NN,,1,PUB,3,178,195,4,,,,M,54,1,2.0,,2000
00IN02845,1998446719,T6719,44,T6719,98,2,41,1,02,413,521344,439544,7,,,,1,PUB,3,155,162,2,,,,M,412,2,2.0,4TEATS,2000
00IN02846,1998446722,T6722,44,T6722,98,2,41,1,02,412,556244,388544,7,,,,1,PUB,5,152,174,1,,,,M,412,2,2.0,,2000
00IN02847,1998446725,T6725,44,T6725,98,2,ID,1,02,41T,405200,304644,I,,,,1,,1,180,182,2,,,,I,41T,1,2.0,SM. UDDER,2000
00IN02848,1998446726,T6726,44,T6726,98,2,41,1,02,412,556244,097244,7,,,,1,PUB,3,134,144,2,,,,M,414,2,2.0,4TEATS,2000
00IN02849,1998446727,T6727,44,T6727,98,2,41,1,02,412,556244,097244,7,,,,1,PUB,3,163,171,2,,,,M,411,2,2.0,,2000
00IN02850,1998446729,T6729,44,T6729,98,2,42,1,02,912,559344,429444,7,,NN,,1,PUB,5,125,148,1,,,,C,55,1,2.0,,2000
00IN02851,1998446732,T6732,44,T6732,98,2,42,1,02,842,516844,542944,7,,,,1,PUB,3,137,135,2,,,,C,822,2,2.0,,2000
00IN02852,1998446737,T6737,44,T6737,98,1,42,1,02,912,559344,578644,2,,,,3,,M,193,217,0,,93,0812,C,,,2.0,,2000
00IN02853,1998446739,T6739,44,T6739,98,1,42,1,02,832,544444,367444,2,,,,3,,M,178,207,0,,93,0812,C,,,2.0,,2000
00IN02854,1998446741,T6741,44,T6741,98,1,42,1,02,882,548444,535944,2,,,,3,LIB,*,0,0,0,1,,,C,,,2.0,DUD,2000
00IN02855,1998446742,T6742,44,T6742,98,1,42,1,02,902,525544,407644,2,,,,3,LIB,*,0,0,0,1,,,C,,,2.0,DUD,2000
00IN02856,1998446743,T6743,44,T6743,98,2,42,1,02,902,525544,407644,7,,,,1,PUB,3,152,143,2,,,,C,832,2,2.0,,2000
00IN02857,1998446746,T6746,44,T6746,98,2,41,1,02,413,521344,264744,7,,,,1,PUB,3,165,155,2,,,,M,412,2,2.0,,2000
00IN02858,1998446747,T6747,44,T6747,98,1,41,1,02,411,525244,480244,2,,,,3,,M,189,219,0,,93,0812,M,,,2.0,DIGR:54,2000
00IN02859,1998446748,T6748,44,T6748,98,1,41,1,02,411,525244,480244,2,,,,2,147,M,192,226,0,,92,0921,M,,,2.0,,2000
00IN02860,1998446752,T6752,44,T6752,98,2,ID,1,02,41T,405200,362044,I,,,,1,,1,171,172,2,,,,I,42T,1,2.0,4TEATS,2000
00IN02861,1998446756,T6756,44,T6756,98,2,00,1,02,411,525244,382944,1,,,0,1,BLK,2,169,178,2,B,,,.,43,2,2.0,"DYSTOCIA,BLK.",2000
00IN02862,1998446759,T6759,44,T6759,98,2,42,1,02,842,516844,502044,7,,,,3,PUB,3,133,163,1,,93,1002,C,,,2.0,,2000
00IN02863,1998446761,T6761,44,T6761,98,2,42,1,02,812,533744,466644,7,,,,1,PUB,3,145,153,2,,,,C,842,2,2.0,,2000
00IN02864,1998446762,T6762,44,T6762,98,2,42,1,02,812,533744,466644,7,,,,1,PUB,3,134,154,2,,,,C,852,2,2.0,4TEATS,2000
00IN02865,1998446770,T6770,44,T6770,98,2,42,1,02,832,544444,482644,7,,,,1,PUB,3,142,145,2,,,,C,862,2,2.0,,2000
00IN02866,1998446771,T6771,44,T6771,98,2,41,1,02,414,552544,520544,7,,,,1,PUB,3,151,157,2,,,,M,413,2,2.0,,2000
00IN02867,1998446775,T6775,44,T6775,98,1,42,1,02,802,541644,397644,2,,,,3,LIB,*,0,0,0,H,93,0317,C,,,2.0,DUD,2000
00IN02868,1998446780,T6780,44,T6780,98,2,41,1,02,413,521344,528044,7,,,,1,PUB,3,151,146,2,,,,M,414,2,2.0,,2000
00IN02869,1998446783,T6783,44,T6783,98,2,42,1,02,892,536044,491444,7,,,,1,PUB,3,118,122,2,,,,C,872,2,2.0,4TEATS,2000
00IN02870,1998446785,T6785,44,T6785,98,2,41,1,02,414,552544,239144,7,,,,1,PUB,3,176,164,2,,,,M,411,2,2.0,F2+,2000
00IN02871,1998446787,T6787,44,T6787,98,2,42,1,02,892,536044,457244,7,,,,1,PUB,3,121,127,2,,,,C,882,2,2.0,?ABORTION,2000
00IN02872,1998446789,T6789,44,T6789,98,1,42,1,02,892,536044,457244,2,,,,2,149,M,201,224,0,,92,0921,C,,,2.0,,2000
00IN02873,1998446793,T6793,44,T6793,98,2,42,1,02,802,541644,234144,7,,,,1,PUB,3,125,134,2,,,,C,892,2,2.0,,2000
00IN02874,1998446801,T6801,44,T6801,98,2,41,1,02,412,556244,574444,7,,,,1,PUB,3,151,144,2,,,,M,412,2,2.0,,2000
00IN02875,1998446803,T6803,44,T6803,98,2,42,1,02,882,548444,402844,7,,,,1,PUB,3,134,132,2,,,,C,902,2,2.0,,2000
00IN02876,1998446807,T6807,44,T6807,98,1,41,1,02,414,552544,494744,2,,,,2,143,M,218,257,0,,92,0921,M,,,2.0,DUD? B,2000
00IN02877,1998446811,T6811,44,T6811,98,2,41,1,02,411,525244,438444,7,,,,3,PUB,3,152,163,12,,93,1002,M,,,2.0,4TEATS,2000
00IN02878,1998446813,T6813,44,T6813,98,2,42,1,02,892,536044,429144,7,,,,1,PUB,3,135,137,2,,,,C,912,2,2.0,4TEATS,2000
00IN02879,1998446814,T6814,44,T6814,98,1,42,1,02,822,530744,430444,2,,,,3,,M,198,223,0,,93,0812,C,,,2.0,,2000
00IN02880,1998446822,T6822,44,T6822,98,2,42,1,02,852,579044,536744,7,,NN,,1,PUB,3,127,148,2,,,,C,51,1,2.0,F3-,2000
00IN02881,1998446824,T6824,44,T6824,98,2,42,1,02,852,579044,429244,7,,,,1,PUB,3,138,153,2,,,,C,802,2,2.0,,2000
00IN02882,1998446829,T6829,44,T6829,98,2,42,1,02,862,522544,475244,7,,,,1,PUB,3,111,125,2,,,,C,822,2,2.0,ENTR,2000
00IN02883,1998446835,T6835,44,T6835,98,2,42,1,02,912,559344,551744,2,,,,3,OVX,*,0,0,0,X,,,C,,,2.0,"RUNT, OVX",2000
00IN02884,1998446836,T6836,44,T6836,98,2,42,1,02,892,536044,191544,7,,,,O,OVX,5,129,162,1,X,,,C,,,2.0,OVX,2000
00IN02885,1998446838,T6838,44,T6838,98,2,41,1,02,412,556244,423644,7,,,,3,PUB,3,150,151,13,,93,1002,M,,,2.0,4TEATS,2000
00IN02886,1998446840,T6840,44,T6840,98,2,41,1,02,412,556244,550244,7,,,,1,PUB,3,164,158,2,,,,M,413,2,2.0,,2000
00IN02887,1998446844,T6844,44,T6844,98,2,42,1,02,852,579044,526144,7,,NN,,1,PUB,3,119,135,2,,,,C,52,1,2.0,,2000
00IN02888,1998446845,T6845,44,T6845,98,1,42,1,02,852,579044,526144,2,,,,3,,M,183,200,0,,93,0812,C,,,2.0,,2000
00IN02889,1998446850,T6850,44,T6850,98,2,42,1,02,872,570744,482344,7,,,,1,PUB,3,141,144,2,,,,C,812,2,2.0,RIP METAL TAG,2000
00IN02890,1998446852,T6852,44,T6852,98,2,42,1,02,862,522544,570644,7,,,,1,PUB,3,161,152,2,,,,C,832,2,2.0,4TEATS,2000
00IN02891,1998446855,T6855,44,T6855,98,2,42,1,02,822,530744,564844,7,,,,1,PUB,3,143,156,2,,,,C,842,2,2.0,4TEATS,2000
00IN02892,1998446858,T6858,44,T6858,98,2,42,1,02,882,548444,345944,7,,NN,,1,PUB,3,134,149,2,,,,C,53,1,2.0,4TEATS,2000
00IN02893,1998446859,T6859,44,T6859,98,2,41,1,02,412,556244,471744,7,,,,U,PUB,5,164,174,1,,,,M,U,A,2.0,POLYPAY??,2000
00IN02894,1998446870,T6870,44,T6870,98,2,42,1,02,802,541644,259544,7,,,,1,PUB,3,116,131,2,,,,C,872,2,2.0,,2000
00IN02895,1998446872,T6872,44,T6872,98,2,42,1,02,802,541644,259544,7,,,,7,PUB,3,128,0,0,,97,0929,C,,,2.0,,2000
00IN02896,1998446873,T6873,44,T6873,98,2,42,1,02,802,541644,504644,7,,,,U,PUB,3,144,124,2,,,,C,U,A,2.0,POLYPAY ! *,2000
00IN02897,1998446877,T6877,44,T6877,98,1,41,1,02,413,521344,364544,2,,,,2,146,M,207,245,0,,92,0921,M,,,2.0,VET CHK,2000
00IN02898,1998446880,T6880,44,T6880,98,1,42,1,02,912,559344,433144,2,,,,6,LIB,*,0,0,0,1,04,0803,C,,,2.0,DUD,2000
00IN02899,1998446884,T6884,44,T6884,98,2,41,1,02,414,552544,452844,7,,,,1,PUB,3,161,186,2,,,,M,414,2,2.0,,2000
00IN02900,1998446885,T6885,44,T6885,98,2,41,1,02,414,552544,452844,7,,,,1,PUB,3,164,164,2,,,,M,411,2,2.0,,2000
00IN02901,1998446887,T6887,44,T6887,98,1,41,1,02,414,552544,436644,2,,,,3,LIB,*,0,0,0,1,,,M,,,2.0,"FLWT:5.9,DUD",2000
00IN02902,1998446889,T6889,44,T6889,98,1,41,1,02,414,552544,436644,2,,,,2,144,M,220,255,0,,92,0921,M,,,2.0,FIX BIG TAG**,2000
00IN02903,1998446893,T6893,44,T6893,98,1,42,1,02,852,579044,409944,2,,,,3,LIB,*,0,0,0,H,93,0317,C,,,2.0,DUD,2000
00IN02904,1998446896,T6896,44,T6896,98,2,42,1,02,912,559344,194844,7,,NN,,1,PUB,3,151,150,2,,,,C,54,1,2.0,,2000
00IN02905,1998446904,T6904,44,T6904,98,2,41,1,02,413,521344,270844,7,,,,1,PUB,3,139,138,2,,,,M,413,2,2.0,"ENTR,4TEATS",2000
00IN02906,1998446908,T6908,44,T6908,98,1,41,1,02,412,556244,499044,2,,,,7,,M,230,274,0,,97,0727,M,,,2.0,NOT DUD,2000
00IN02907,1998446909,T6909,44,T6909,98,2,41,1,02,412,556244,499044,7,,,,1,PUB,3,163,155,2,,,,M,413,2,2.0,4TEATS,2000
00IN02908,1998446918,T6918,44,T6918,98,2,42,1,02,842,516844,523544,7,,,,1,PUB,3,128,148,2,,,,C,862,2,2.0,,2000
00IN02909,1998446929,T6929,44,T6929,98,1,42,1,02,862,522544,477944,2,,,,3,,M,202,236,0,,93,0812,C,,,2.0,,2000
00IN02910,1998446931,T6931,44,T6931,98,2,42,1,02,802,541644,545644,7,,,,O,OVX,5,137,170,1,X,,,C,,,2.0,OVX,2000
00IN02911,1998446936,T6936,44,T6936,98,2,41,1,02,411,525244,556344,7,,,,1,PUB,3,145,146,1,,,,M,414,2,2.0,,2000
00IN02912,1998446937,T6937,44,T6937,98,2,41,1,02,411,525244,556344,7,,,,1,PUB,3,157,160,2,,,,M,411,2,2.0,4TEATS,2000
00IN02913,1998446940,T6940,44,T6940,98,1,42,1,02,882,548444,293244,2,,,,3,,M,189,217,0,,93,0812,C,,,2.0,,2000
00IN02914,1998446945,T6945,44,T6945,98,2,42,1,02,832,544444,483144,7,,NN,,1,PUB,3,116,136,2,,,,C,55,1,2.0,4TEATS,2000
00IN02915,1998446957,T6957,44,T6957,98,1,41,1,02,412,556244,383344,2,,,,3,,M,204,253,0,,93,0812,M,,,2.0,NICE,2000
00IN02916,1998446964,T6964,44,T6964,98,2,41,1,02,413,521344,228944,7,,,,1,PUB,3,168,153,2,,,,M,412,2,2.0,4TEATS,2000
00IN02917,1998446978,T6978,44,T6978,98,2,42,1,02,872,570744,446444,7,,,,1,PUB,3,145,146,2,,,,C,872,2,2.0,4TEATS,2000
00IN02918,1992811780,Z1780,81,Z1780,92,2,58,1,58,JIM,000044,104480,2,,,,6,OVX,*,0,0,0,X,95,0308,,,,8.0,OVX.EWE,2000
00IN02919,1992811856,Z1856,81,Z1856,92,2,58,1,58,JIM,000044,426780,2,,,,3,OVX,*,0,0,0,X,,,,,,8.0,OVX.EWE,2000
00IN02920,1992811884,Z1884,81,Z1884,92,2,58,1,58,JIM,000044,375380,2,,,,3,OVX,*,0,0,0,X,,,,,,8.0,OVX.EWE,2000
00IN02921,1992811961,Z1961,81,Z1961,92,2,58,1,58,JIM,000044,209180,2,,,,3,OVX,*,0,0,0,X,,,,,,8.0,OVX.EWE,2000
00IN02922,1994812865,Z2865,81,Z2865,94,2,97,1,97,971,921700,135681,0,,,,3,,B,246,226,3,X,93,1030,,,,6.0,THICKCOLOSTRU,2000
00IN02923,1994812940,Z2940,81,Z2940,94,2,97,1,97,972,046881,129181,0,,,,6,,*,0,0,0,,20,0405,,,,6.0,"DEAD,PREG.TOX",2000
00IN02924,1994812963,Z2963,81,Z2963,94,2,97,1,97,971,921700,974080,0,,,,3,,B,219,229,2,X,93,1030,,,,6.0,SW.BAG,2000
00IN02925,1995813260,Z3260,81,Z3260,95,2,97,1,97,971,921700,133581,0,,,,1,,B,230,237,2,,,,,971,1,5.0,,2000
00IN02926,1995813264,Z3264,81,Z3264,95,2,97,1,97,971,921700,057681,0,,,,1,,B,256,271,2,,,,,971,1,5.0,          mcf,2000
00IN02927,1995813277,Z3277,81,Z3277,95,2,97,1,97,971,921700,159481,0,,,,3,,B,216,208,2,X,93,1030,,,,5.0,SW.BAG X,2000
00IN02928,1995813301,Z3301,81,Z3301,95,2,97,1,97,971,921700,230781,0,,,,3,,B,266,277,1,X,93,1030,,,,5.0,LAME,2000
00IN02929,1996813564,Z3564,81,Z3564,96,1,97,1,97,971,290881,130081,0,,,,1,,M,237,276,0,,,,,,,4.0,,2000
00IN02930,1996813567,Z3567,81,Z3567,96,2,97,1,97,971,290881,136981,0,,,,1,,B,252,229,3,,,,,972,1,4.0,"LTS, PIG FAT",2000
00IN02931,1996813572,Z3572,81,Z3572,96,2,97,1,97,971,290881,129181,0,,,,6,,*,0,0,0,,05,0419,,,,4.0,DEAD 4/19,2000
00IN02932,1996813578,Z3578,81,Z3578,96,2,97,1,97,971,290881,291281,0,,,,1,,B,246,243,2,,,,,972,1,4.0,SUCK1SIDE,2000
00IN02933,1996813583,Z3583,81,Z3583,96,1,97,1,97,972,285781,243781,0,,,,1,,M,259,298,0,,,,,,,4.0,,2000
00IN02934,1996813585,Z3585,81,Z3585,96,1,97,1,97,972,285781,132481,0,,,,1,,M,254,305,0,,,,,,,4.0,,2000
00IN02935,1996813588,Z3588,81,Z3588,96,2,97,1,97,971,290881,138381,0,,,,1,,B,245,223,2,,,,,972,1,4.0,CHK EYES,2000
00IN02936,1996813599,Z3599,81,Z3599,96,2,97,1,97,971,290881,133581,0,,,,1,,B,203,202,2,,,,,972,1,4.0,ENTR,2000
00IN02937,1996813600,Z3600,81,Z3600,96,2,97,1,97,971,290881,159381,0,,,,1,,B,199,228,2,,,,,972,1,4.0,THICK MILK,2000
00IN02938,1996813627,Z3627,81,Z3627,96,1,97,1,97,971,290881,296381,0,,,,1,,M,254,284,0,,,,,,,4.0,,2000
00IN02939,1996813637,Z3637,81,Z3637,96,1,97,1,97,972,285781,085081,0,,,,1,,M,262,312,0,,,,,,,4.0,BLEED SAVEmcf,2000
00IN02940,1996813641,Z3641,81,Z3641,96,2,97,1,97,972,285781,828480,0,,,,1,,B,257,227,3,,,,,971,1,4.0,PIG FAT,2000
00IN02941,1996813643,Z3643,81,Z3643,96,1,97,1,97,971,290881,290381,0,,,,1,,M,243,288,0,,,,,,,4.0,,2000
00IN02942,1996813654,Z3654,81,Z3654,96,2,97,1,97,971,290881,073381,0,,,,1,,B,235,244,2,,,,,972,1,4.0,GOOD EWE,2000
00IN02943,1996813655,Z3655,81,Z3655,96,1,97,1,97,972,285781,294081,0,,,,3,,M,266,306,0,,93,0812,,,,4.0,AB.SCROTUM,2000
00IN02944,1996813659,Z3659,81,Z3659,96,1,97,1,97,974,290281,321381,0,,,,1,,M,235,269,0,,93,1030,,,,4.0,"X, LIBIDO",2000
00IN02945,1996813667,Z3667,81,Z3667,96,2,97,1,97,974,290281,328181,0,,,,3,,B,252,255,2,X,93,1030,,,,4.0,"BRED AUG,99",2000
00IN02946,1996813668,Z3668,81,Z3668,96,1,97,1,97,974,290281,321281,0,,,,1,,M,234,272,0,,,,,,,4.0,,2000
00IN02947,1996813677,Z3677,81,Z3677,96,1,97,1,97,972,285781,230781,0,,,,1,,M,308,342,0,,,,,,,4.0,STUD 972,2000
00IN02948,1996813679,Z3679,81,Z3679,96,1,97,1,97,971,290881,974480,0,,,,3,,M,266,299,0,,93,0812,,,,4.0,POOR,2000
00IN02949,1997813886,Z3886,81,Z3886,97,2,97,1,97,971,234581,290381,0,,,,1,,B,207,211,2,,,,,972,1,3.0,SAVE,2000
00IN02950,1997813889,Z3889,81,Z3889,97,2,97,1,97,972,324681,243781,0,,,,3,,B,175,191,2,X,93,1030,,,,3.0,RUPTURE X,2000
00IN02951,1997813893,Z3893,81,Z3893,97,2,97,1,97,973,325581,360081,0,,MF,,1,,B,209,217,2,,,,,971,1,3.0,,2000
00IN02952,1997813900,Z3900,81,Z3900,97,1,97,1,97,972,324681,328181,0,,,,1,,M,224,264,0,,,,,,,3.0,NAXCEL,2000
00IN02953,1997813901,Z3901,81,Z3901,97,2,97,1,97,972,324681,328181,0,,,,1,,B,177,192,2,,,,,971,1,3.0,,2000
00IN02954,1997813905,Z3905,81,Z3905,97,1,97,1,97,974,322881,364881,0,,,,1,,M,219,263,0,,,,,,,3.0,,2000
00IN02955,1997813911,Z3911,81,Z3911,97,2,97,1,97,971,234581,236581,0,,,,3,,B,119,152,1,X,93,1030,,,,3.0,X LOW PROD,2000
00IN02956,1997813918,Z3918,81,Z3918,97,2,97,1,97,971,234581,326081,0,,,,1,,B,197,193,2,,,,,972,1,3.0,,2000
00IN02957,1997813919,Z3919,81,Z3919,97,1,97,1,97,971,234581,326081,0,,,,1,,M,257,282,0,,,,,,,3.0,,2000
00IN02958,1997813923,Z3923,81,Z3923,97,1,97,1,97,971,234581,136981,0,,,,1,,M,231,264,0,,,,,,,3.0,FIX SCRA.TAG*,2000
00IN02959,1997813928,Z3928,81,Z3928,97,2,97,1,97,971,234581,321081,0,,,,1,,B,190,180,2,,12,1213,,972,1,3.0,,2000
00IN02960,1997813931,Z3931,81,Z3931,97,1,97,1,97,971,234581,132481,0,,,,1,,M,236,283,0,,,,,,,3.0,,2000
00IN02961,1997813932,Z3932,81,Z3932,97,2,97,1,97,971,234581,132481,0,,MF,,1,,B,158,179,2,,,,,972,1,3.0,GAUNT,2000
00IN02962,1997813935,Z3935,81,Z3935,97,2,97,1,97,974,322881,363881,0,,MF,,3,,B,236,235,1,X,93,1030,,,,3.0,X LOW PROD,2000
00IN02963,1997813938,Z3938,81,Z3938,97,2,ch,1,00,j.8,434544,283004,2,,,,1,,2,178,159,3,,,,c,BF,3,3.0,DYSTOCIA ok,2000
00IN02964,1997813942,Z3942,81,Z3942,97,2,ch,1,00,j.8,434544,540644,2,,,,1,,2,161,155,4,,,,h,BF,3,3.0,,2000
00IN02965,1997813946,Z3946,81,Z3946,97,2,97,1,97,973,325581,359981,0,,MF,,1,,B,201,215,3,,,,,971,1,3.0,DYSTOCIA,2000
00IN02966,1997813949,Z3949,81,Z3949,97,2,ch,1,31,j.6,424444,320904,2,,NN,,1,,1,180,174,2,,,,c,BF,3,3.0,Find / Bleed?,2000
00IN02967,1997813950,Z3950,81,Z3950,97,1,ch,1,31,j.6,424444,320904,2,,,,3,LIB,*,0,0,0,X,93,0306,c,,,3.0,,2000
00IN02968,1997813952,Z3952,81,Z3952,97,2,97,1,97,971,234581,297381,0,,MF,,1,,B,195,209,2,,,,,972,1,3.0,GAUNT,2000
00IN02969,1997813955,Z3955,81,Z3955,97,2,97,1,97,972,324681,298281,0,,,,3,,B,222,219,9,X,93,1030,,,,3.0,9BAG,2000
00IN02970,1997813956,Z3956,81,Z3956,97,2,97,1,97,972,324681,298281,0,,MF,,1,,B,215,226,2,,,,,971,1,3.0,FAT,2000
00IN02971,1997813957,Z3957,81,Z3957,97,2,97,1,97,973,325581,356781,0,,,,1,,B,195,182,2,,,,,971,1,3.0,,2000
00IN02972,1997813963,Z3963,81,Z3963,97,1,ch,1,01,j.8,434544,535644,2,,,,3,LIB,*,0,0,0,X,93,0306,c,,,3.0,,2000
00IN02973,1997813967,Z3967,81,Z3967,97,2,97,1,97,971,234581,246181,0,,,,3,,B,173,197,1,X,93,1030,,,,3.0,X LOW PROD,2000
00IN02974,1997813971,Z3971,81,Z3971,97,1,ch,1,00,j.0,436744,337204,2,,,,3,LIB,*,0,0,0,1,,,c,,,3.0,,2000
00IN02975,1997813981,Z3981,81,Z3981,97,2,97,1,97,974,322881,361581,0,,,,1,,B,201,220,2,,,,,972,1,3.0,WGT.LOSS??,2000
00IN02976,1997813996,Z3996,81,Z3996,97,1,97,1,97,972,324681,138181,0,,,,1,,M,206,233,0,,,,,,,3.0,,2000
00IN02977,1997813999,Z3999,81,Z3999,97,2,97,1,97,971,234581,291281,0,,MF,,1,,B,197,209,2,,,,,972,1,3.0,,2000
00IN02978,1997814000,Z4000,81,Z4000,97,1,97,1,97,971,234581,291281,0,,,,1,,M,249,302,0,,,,,,,3.0,,2000
00IN02979,1997814004,Z4004,81,Z4004,97,1,97,1,97,972,324681,230081,0,,,,1,,M,236,282,0,,,,,,,3.0,R.THICK CORD,2000
00IN02980,1997814010,Z4010,81,Z4010,97,2,ch,1,31,j.8,434544,305304,2,,NN,,3,,1,189,181,3,,93,1002,h,,,3.0,"LTS,ABS.FLANK",2000
00IN02981,1997814012,Z4012,81,Z4012,97,2,97,1,97,971,234581,296381,0,,,,1,,B,208,212,2,,,,,972,1,3.0,"ENTR,4TEATS",2000
00IN02982,1997814014,Z4014,81,Z4014,97,2,97,1,97,971,234581,325281,0,,,,6,,B,209,0,0,,32,0825,,,,3.0,IN CREEK,2000
00IN02983,1997814015,Z4015,81,Z4015,97,2,97,1,97,971,234581,325281,0,,,,1,,B,228,253,2,,,,,972,1,3.0,FLTS,2000
00IN02984,1997814016,Z4016,81,Z4016,97,2,ch,1,31,j.3,126404,316504,2,,NN,,1,,1,175,158,2,,,,c,BF,3,3.0,,2000
00IN02985,1997814017,Z4017,81,Z4017,97,2,97,1,97,972,324681,159981,0,,,,3,,B,190,214,1,X,93,1030,,,,3.0,X LOW PROD,2000
00IN02986,1997814022,Z4022,81,Z4022,97,2,97,1,97,971,234581,135681,0,,,,1,,B,179,220,2,,,,,972,1,3.0,DYSTOCIA,2000
00IN02987,1997814023,Z4023,81,Z4023,97,2,97,1,97,972,324681,159381,0,,,,1,,B,155,191,2,,01,1201,,971,1,3.0,,2000
00IN02988,1997814025,Z4025,81,Z4025,97,2,97,1,97,972,324681,323381,0,,MF,,1,,B,236,228,2,,,,,971,1,3.0,,2000
00IN02989,1997814026,Z4026,81,Z4026,97,2,97,1,97,971,234581,286581,0,,,,3,,B,210,235,1,X,93,1030,,,,3.0,BIG BAG !,2000
00IN02990,1997814027,Z4027,81,Z4027,97,2,97,1,97,971,234581,286581,0,,,,1,,B,201,213,2,,,,,972,1,3.0,WSU,2000
00IN02991,1997814028,Z4028,81,Z4028,97,2,ch,1,31,j.5,144404,532844,2,,NN,,1,,1,159,153,2,,,,h,BF,3,3.0,,2000
00IN02992,1997814039,Z4039,81,Z4039,97,2,97,1,97,972,324681,293981,0,,,,6,,B,293,286,1,,86,1005,,,,3.0,CRIPPLE,2000
00IN02993,1997814047,Z4047,81,Z4047,97,2,97,1,97,972,324681,297581,0,,MF,,3,,B,241,252,12,X,93,1030,,,,3.0,,2000
00IN02994,1997814048,Z4048,81,Z4048,97,2,97,1,97,972,324681,295781,0,,,,1,,B,230,242,2,,,,,971,1,3.0,WSU,2000
00IN02995,1997814049,Z4049,81,Z4049,97,1,97,1,97,972,324681,295781,0,,,,1,,M,238,274,0,,,,,,,3.0,"ABS.NECK,ok?",2000
00IN02996,1997814052,Z4052,81,Z4052,97,2,ch,1,00,ai2,139010,247904,2,,,,1,,2,165,158,2,,,,c,BF,3,3.0,HAIRY,2000
00IN02997,1997814055,Z4055,81,Z4055,97,2,97,1,97,973,325581,357881,0,,,,3,,X,0,0,0,,93,0612,,,,3.0,HYDROPS,2000
00IN02998,1997814058,Z4058,81,Z4058,97,1,97,1,97,971,234581,133581,0,,,,6,,*,0,0,0,,01,0312,,,,3.0,ADG 1.017 !!,2000
00IN02999,1997814060,Z4060,81,Z4060,97,2,97,1,97,972,324681,294081,0,,,,1,,B,192,200,3,,,,,971,1,3.0,,2000
00IN03000,1997814065,Z4065,81,Z4065,97,2,ch,1,31,ai2,154110,112104,2,,NN,,1,,H,131,126,2,X,93,1030,h,BF,3,3.0,"X THIN, SICK",2000
00IN03001,1997814068,Z4068,81,Z4068,97,2,ch,1,31,j.5,144404,322404,2,,NN,,1,,2,154,144,2,,,,c,BF,3,3.0,,2000
00IN03002,1997814073,Z4073,81,Z4073,97,1,ch,1,00,ai2,149710,232304,2,,,,3,LIB,*,0,0,0,X,93,0306,c,,,3.0,,2000
00IN03003,1997814074,Z4074,81,Z4074,97,2,ch,1,00,ai2,154110,497744,2,,,,3,OVX,*,0,0,0,X,,,h,,,3.0,BARREN,2000
00IN03004,1997814082,Z4082,81,Z4082,97,1,ch,1,00,ai2,149710,096104,2,,,,3,LIB,*,0,0,0,X,93,0306,c,,,3.0,,2000
00IN03005,1997814086,Z4086,81,Z4086,97,2,ch,1,31,ai2,154110,108804,2,,NN,,1,,1,139,148,2,,,,h,BF,3,3.0,,2000
00IN03006,1997814087,Z4087,81,Z4087,97,2,ch,1,31,ai2,154110,108804,2,,NN,,1,ORE,1,150,147,2,,,,h,ORE,4,3.0,,2000
00IN03007,1997814088,Z4088,81,Z4088,97,2,ch,1,31,j.7,432544,286104,2,,NN,,1,,1,158,152,3,,,,h,BF,3,3.0,,2000
00IN03008,1997814090,Z4090,81,Z4090,97,2,ch,1,00,j.3,126404,539644,2,,,,1,,2,159,151,2,,,,h,BF,3,3.0,,2000
00IN03009,1997814104,Z4104,81,Z4104,97,1,ch,1,00,ai2,149710,245604,2,,,,3,LIB,*,0,0,0,X,93,0306,c,,,3.0,,2000
00IN03010,1997814108,Z4108,81,Z4108,97,1,ch,1,31,ai2,139010,236604,2,,,,3,LIB,*,0,0,0,X,93,0306,h,,,3.0,,2000
00IN03011,1997814112,Z4112,81,Z4112,97,1,ch,1,00,ai2,149710,124204,2,,,,3,LIB,*,0,0,0,1,,,c,,,3.0,,2000
00IN03012,1997814114,Z4114,81,Z4114,97,2,ch,1,31,ai2,139010,128004,2,,NN,,6,,*,0,0,0,,76,0412,h,,,3.0,"DEAD, OPP",2000
00IN03013,1997814116,Z4116,81,Z4116,97,2,ch,1,31,ai2,139010,123604,2,,NN,,1,ORE,1,212,175,2,,,,h,ORE,4,3.0,4TEATS,2000
00IN03014,1997814123,Z4123,81,Z4123,97,2,ch,1,00,j.7,432544,541344,2,,,,1,,1,196,177,2,,,,c,BF,3,3.0,MEAN,2000
00IN03015,1997814126,Z4126,81,Z4126,97,2,ch,1,00,ai2,190810,496944,2,,,,1,,1,149,153,2,,,,h,BF,3,3.0,FIX BIG TAG**,2000
00IN03016,1997814127,Z4127,81,Z4127,97,2,ch,1,31,j.3,126404,323704,2,,NN,,1,,H,142,136,2,,,,c,BF,3,3.0,SW.BAG,2000
00IN03017,1997814129,Z4129,81,Z4129,97,2,ch,1,34,ai2,048404,229304,2,,,,3,OVX,*,0,0,0,X,,,h,,,3.0,LOW PROD.,2000
00IN03018,1997814131,Z4131,81,Z4131,97,2,ch,1,00,ai2,154110,488444,2,,,,1,,1,138,134,2,,,,h,BF,3,3.0,,2000
00IN03019,1997814132,Z4132,81,Z4132,97,2,ch,1,00,ai2,154110,488444,2,,,,1,,1,145,150,2,,,,h,BF,3,3.0,,2000
00IN03020,1997814139,Z4139,81,Z4139,97,1,ch,1,31,ai2,048404,492944,2,,,,3,LIB,*,0,0,0,X,93,0306,c,,,3.0,,2000
00IN03021,1997814142,Z4142,81,Z4142,97,2,ch,1,31,ai2,035604,536310,2,,NN,,1,ORE,2,143,140,2,,,,c,ORE,4,3.0,,2000
00IN03022,1997814157,Z4157,81,Z4157,97,2,ch,1,34,ai2,035604,129404,2,,,,1,ORE,1,169,166,3,,,,h,ORE,4,3.0,,2000
00IN03023,1997814161,Z4161,81,Z4161,97,1,ch,1,31,j.5,144404,320804,2,,,,3,LIB,*,0,0,0,X,93,0306,c,,,3.0,,2000
00IN03024,1997814173,Z4173,81,Z4173,97,1,ch,1,34,ai2,035604,113104,2,,,,3,LIB,*,0,0,0,X,93,0306,c,,,3.0,Find / Bleed?,2000
00IN03025,1997814175,Z4175,81,Z4175,97,2,ch,1,35,ai2,048404,503444,2,,,,1,,1,199,184,2,,,,h,BF,3,3.0,,2000
00IN03026,1997814183,Z4183,81,Z4183,97,1,97,1,97,972,324681,085081,0,,,,1,,M,208,231,0,,,,,,,3.0,,2000
00IN03027,1997814187,Z4187,81,Z4187,97,2,ch,1,00,ai2,154110,532910,2,,,,U,,5,187,206,11,,,,h,U,A,3.0,"MASTITIS,L.",2000
00IN03028,1997814192,Z4192,81,Z4192,97,1,ch,1,00,ai2,187810,100004,2,,,,3,LIB,*,0,0,0,X,93,0306,c,,,3.0,,2000
00IN03029,1997814193,Z4193,81,Z4193,97,2,ch,1,00,ai2,207910,493144,2,,,,1,ORE,1,173,150,2,,,,h,ORE,4,3.0,ENTR,2000
00IN03030,1997814194,Z4194,81,Z4194,97,2,ch,1,00,ai2,035604,240204,2,,,,7,,1,184,0,0,,97,0915,c,,,3.0,,2000
00IN03031,1997814195,Z4195,81,Z4195,97,2,ch,1,34,ai2,048404,247704,2,,,,6,,2,129,0,0,,05,0615,h,,,3.0,MASTITIS 6/15,2000
00IN03032,1997814197,Z4197,81,Z4197,97,2,ch,1,34,ai2,048404,247704,2,,,,6,,1,194,0,0,,04,0627,h,,,3.0,,2000
00IN03033,1997814205,Z4205,81,Z4205,97,2,ch,1,31,ai2,035604,533210,2,,NN,,1,ORE,2,152,150,6,,,,c,ORE,4,3.0,ENTR,2000
00IN03034,1997814210,Z4210,81,Z4210,97,2,00,1,10,22,000097,516310,7,,,,U,LIM,3,175,147,2,,,,,U,A,3.0,,2000
00IN03035,1997814211,Z4211,81,Z4211,97,2,ch,1,31,ai2,154110,122904,2,,NN,,1,,1,169,157,2,,,,h,BF,3,3.0,,2000
00IN03036,1997814220,Z4220,81,Z4220,97,1,ch,1,00,ai2,291510,511544,2,,,,3,LIB,*,0,0,0,X,93,0306,c,,,3.0,,2000
00IN03037,1997814224,Z4224,81,Z4224,97,2,ch,1,00,ai2,139010,428244,2,,,,1,ORE,2,176,166,2,,,,h,ORE,4,3.0,ABS.LF HOOF,2000
00IN03038,1997814225,Z4225,81,Z4225,97,2,ch,1,00,ai2,048404,199804,2,,,,1,,2,187,172,3,,,,h,BF,3,3.0,,2000
00IN03039,1997814226,Z4226,81,Z4226,97,2,ch,1,00,ai2,048404,199804,2,,,,3,OVX,*,0,0,0,X,,,h,,,3.0,LOW PROD.,2000
00IN03040,1997814227,Z4227,81,Z4227,97,2,ch,1,34,ai2,048404,133704,2,,,,1,,2,152,145,2,,,,h,BF,3,3.0,,2000
00IN03041,1997814228,Z4228,81,Z4228,97,2,ch,1,34,ai2,048404,133704,2,,,,1,ORE,1,199,174,2,,,,h,ORE,4,3.0,ENTR,2000
00IN03042,1997814229,Z4229,81,Z4229,97,2,ch,1,00,ai2,048404,251104,2,,,,1,,2,188,200,2,,,,c,BF,3,3.0,,2000
00IN03043,1997814231,Z4231,81,Z4231,97,1,ch,1,31,ai2,048404,646810,2,,,,3,LIB,*,0,0,0,X,93,0306,h,,,3.0,ENTR,2000
00IN03044,1997814251,Z4251,81,Z4251,97,1,ch,1,34,ai2,035604,236504,2,,,,3,LIB,*,0,0,0,1,01,1201,h,,,3.0,NAXCEL,2000
00IN03045,1997814252,Z4252,81,Z4252,97,2,ch,1,34,ai2,035604,236504,2,,,,1,,5,176,189,2,,,,h,BF,3,3.0,"4TEATS,NAXCEL",2000
00IN03046,1997814255,Z4255,81,Z4255,97,2,ch,1,31,j.3,126404,310904,2,,NN,,1,ORE,1,135,124,2,,,,c,ORE,4,3.0,NAVEL BLED,2000
00IN03047,1997814257,Z4257,81,Z4257,97,2,ch,1,00,ai2,048404,255904,2,,,,1,ORE,1,161,166,2,,,,h,ORE,4,3.0,,2000
00IN03048,1997814261,Z4261,81,Z4261,97,2,ch,1,31,ai2,035604,508844,2,,NN,,1,ORE,1,142,149,2,,,,h,ORE,4,3.0,,2000
00IN03049,1997814264,Z4264,81,Z4264,97,2,ch,1,31,j.7,432544,335404,2,,NN,,3,OVX,*,0,0,0,X,,,c,,,3.0,"X,CULL, OVX",2000
00IN03050,1997814265,Z4265,81,Z4265,97,2,ch,1,35,ai2,048404,504444,2,,,,1,,1,162,155,2,,,,h,BF,3,3.0,,2000
00IN03051,1997814271,Z4271,81,Z4271,97,1,ch,1,00,ai2,187810,495044,2,,,,3,LIB,*,0,0,0,X,93,0306,c,,,3.0,,2000
00IN03052,1997814284,Z4284,81,Z4284,97,2,00,1,10,31,000097,451310,7,,,,U,LIM,3,188,200,2,,,,,U,A,3.0,ENTR,2000
00IN03053,1997814285,Z4285,81,Z4285,97,2,00,1,10,31,000097,451310,7,,,,U,LIM,3,185,192,2,,,,,U,A,3.0,,2000
00IN03054,1997814286,Z4286,81,Z4286,97,2,00,1,10,22,000097,632110,7,,,,U,LIM,3,177,180,3,,,,,U,A,3.0,?msg 07/15,2000
00IN03055,1997814291,Z4291,81,Z4291,97,1,ch,1,00,j.9,435344,563944,2,,,,3,LIB,*,0,0,0,1,,,h,,,3.0,,2000
00IN03056,1997814293,Z4293,81,Z4293,97,2,00,1,10,22,000097,282810,7,,,,U,LIM,3,174,188,2,,,,,U,A,3.0,,2000
00IN03057,1997814298,Z4298,81,Z4298,97,2,ch,1,00,j.7,432544,760010,2,,,,1,,2,181,177,2,,,,c,BF,3,3.0,DYSTOCIA'99,2000
00IN03058,1997814320,Z4320,81,Z4320,97,2,00,1,SC,01,000097,843063,7,,,,U,LIM,3,168,154,2,,,,,U,A,3.0,,2000
00IN03059,1997814321,Z4321,81,Z4321,97,2,00,1,SC,01,000097,843063,7,,,,U,LIM,3,190,185,2,,,,,U,A,3.0,,2000
00IN03060,1997814330,Z4330,81,Z4330,97,2,ch,1,00,j.5,144404,746610,2,,,,6,,1,143,0,0,,04,0801,c,,,3.0,,2000
00IN03061,1997814333,Z4333,81,Z4333,97,2,ch,1,01,j.8,434544,543444,2,,,,1,ORE,1,176,181,2,,,,c,ORE,4,3.0,,2000
00IN03062,1997814335,Z4335,81,Z4335,97,2,00,1,SC,03,000097,691763,7,,,,U,LIM,3,192,183,2,,,,,U,A,3.0,,2000
00IN03063,1997814336,Z4336,81,Z4336,97,2,00,1,10,42,000097,475310,7,,,,U,LIM,3,156,154,5,,,,,U,A,3.0,,2000
00IN03064,1997814345,Z4345,81,Z4345,97,2,00,1,SC,02,000097,606363,7,,,,U,LIM,3,178,188,2,,,,,U,A,3.0,,2000
00IN03065,1997814350,Z4350,81,Z4350,97,2,ch,1,00,j.8,434544,338104,2,,,,1,,5,171,181,2,,,,c,BF,3,3.0,,2000
00IN03066,1997814355,Z4355,81,Z4355,97,2,00,1,80,ai0,000097,070404,0,,,,1,,2,217,193,2,,,,,30,2,3.0,,2000
00IN03067,1997814356,Z4356,81,Z4356,97,2,00,1,80,ai0,000097,070404,0,,,,1,,2,172,174,2,,,,,01,2,3.0,,2000
00IN03068,1997814357,Z4357,81,Z4357,97,2,00,1,80,ai0,000097,897503,0,,,,1,,1,171,154,2,,,,,02,2,3.0,,2000
00IN03069,1997814361,Z4361,81,Z4361,97,2,00,1,80,ai0,000097,213004,0,,,,1,,1,213,206,2,,,,,03,2,3.0,,2000
00IN03070,1997814362,Z4362,81,Z4362,97,2,00,1,80,ai0,000097,213004,0,,,,7,,3,187,0,0,,97,0929,,,,3.0,W/LIM DEC'99,2000
00IN03071,1997814374,Z4374,81,Z4374,97,2,ch,1,34,j.3,126404,318504,2,,,,1,,1,174,161,2,,,,h,BF,3,3.0,,2000
00IN03072,1997814375,Z4375,81,Z4375,97,2,00,1,80,ai0,000097,179304,0,,,,1,,2,176,181,2,,,,,04,2,3.0,,2000
00IN03073,1997814376,Z4376,81,Z4376,97,2,ch,1,31,j.6,424444,324904,2,,NN,,1,,2,166,173,2,,,,h,BF,3,3.0,NICE,2000
00IN03074,1997814384,Z4384,81,Z4384,97,2,00,1,80,ai0,000097,936203,0,,,,1,,1,202,165,2,,,,,01,2,3.0,,2000
00IN03075,1997814385,Z4385,81,Z4385,97,2,00,1,80,ai0,000097,125004,0,,,,1,,H,198,204,2,,,,,02,2,3.0,,2000
00IN03076,1997814396,Z4396,81,Z4396,97,2,00,1,80,ai0,000097,078604,0,,,,1,,2,171,171,2,,,,,03,2,3.0,"DYSTOCIA,3big",2000
00IN03077,1997814397,Z4397,81,Z4397,97,2,00,1,80,ai0,000097,078604,0,,,,1,,5,162,177,1,,,,,04,2,3.0,,2000
00IN03078,1997814405,Z4405,81,Z4405,97,2,00,1,10,24,000097,139110,7,,,,U,LIM,3,207,194,11,,,,,U,A,3.0,,2000
00IN03079,1997814406,Z4406,81,Z4406,97,2,00,1,10,24,000097,139110,7,,,,U,LIM,3,180,180,2,,,,,U,A,3.0,,2000
00IN03080,1997814408,Z4408,81,Z4408,97,2,00,1,81,ai2,000097,236404,0,,,,1,,2,159,161,3,,,,,01,2,3.0,,2000
00IN03081,1997814409,Z4409,81,Z4409,97,2,00,1,80,ai2,000097,224804,0,,,,1,,2,144,150,2,,,,,02,2,3.0,,2000
00IN03082,1997814410,Z4410,81,Z4410,97,2,00,1,80,ai2,000097,224804,0,,,,1,,1,161,169,2,,,,,03,2,3.0,,2000
00IN03083,1997814417,Z4417,81,Z4417,97,2,00,1,80,ai0,000097,663703,0,,,,1,,2,185,181,2,,,,,04,2,3.0,,2000
00IN03084,1997814424,Z4424,81,Z4424,97,2,00,1,82,ai2,000097,421344,0,,,,1,,2,174,163,2,,,,,03,2,3.0,,2000
00IN03085,1997814427,Z4427,81,Z4427,97,2,00,1,10,44,000097,454310,7,,,,U,LIM,3,184,174,2,,,,,U,A,3.0,,2000
00IN03086,1997814432,Z4432,81,Z4432,97,2,00,1,80,ai0,000097,860003,0,,,,1,,2,150,156,2,,,,,20,2,3.0,4TEATS,2000
00IN03087,1997814445,Z4445,81,Z4445,97,2,00,1,80,ai2,000097,239204,0,,,,1,,1,190,193,2,,,,,21,2,3.0,,2000
00IN03088,1997814446,Z4446,81,Z4446,97,2,00,1,10,34,000097,614210,7,,,,3,LIM,3,181,152,2,,93,1002,,,,3.0,,2000
00IN03089,1997814448,Z4448,81,Z4448,97,2,00,1,80,ai0,000097,082504,0,,,,3,,2,175,168,2,,93,1002,,,,3.0,BIG HARD BAG,2000
00IN03090,1997814455,Z4455,81,Z4455,97,1,ch,1,00,j.7,432544,324104,2,,,,3,LIB,*,0,0,0,X,93,0306,c,,,3.0,ENTR,2000
00IN03091,1997814465,Z4465,81,Z4465,97,2,00,1,81,ai2,000097,236704,0,,,,1,,2,144,151,2,,,,,22,2,3.0,4TEATS,2000
00IN03092,1997814480,Z4480,81,Z4480,97,2,00,1,80,ai0,000097,109004,0,,,,3,,1,119,116,2,,93,1002,,,,3.0,X THIN,2000
00IN03093,1997814483,Z4483,81,Z4483,97,2,00,1,80,22,000097,077404,0,,,,1,,1,192,183,2,,,,,23,2,3.0,,2000
00IN03094,1997814485,Z4485,81,Z4485,97,2,00,1,80,ai0,000097,497103,0,,,,3,,5,187,216,1,,93,1002,,,,3.0,X HARD BAG,2000
00IN03095,1997814488,Z4488,81,Z4488,97,2,00,1,80,ai0,000097,669703,0,,,,1,,1,214,209,2,,,,,24,2,3.0,,2000
00IN03096,1997814492,Z4492,81,Z4492,97,2,00,1,20,ai2,000097,503344,7,,,,U,LIM,3,157,181,2,,,,,U,A,3.0,,2000
00IN03097,1997814501,Z4501,81,Z4501,97,2,00,1,80,ai0,000097,886003,0,,,,1,,1,173,169,3,,,,,25,2,3.0,,2000
00IN03098,1997814503,Z4503,81,Z4503,97,2,00,1,20,ai2,000097,417644,7,,,,7,LIM,3,207,0,0,,05,0718,,,,3.0,,2000
00IN03099,1997814505,Z4505,81,Z4505,97,2,00,1,81,ai2,000097,123204,0,,,,1,,2,179,180,3,,,,,26,2,3.0,,2000
00IN03100,1997814508,Z4508,81,Z4508,97,2,00,1,80,ai2,000097,115404,0,,,,1,,2,179,165,2,,,,,27,2,3.0,?MSG 3/16/98,2000
00IN03101,1997814512,Z4512,81,Z4512,97,2,00,1,81,ai2,000097,093904,0,,,,1,,1,190,177,2,,,,,28,2,3.0,,2000
00IN03102,1997814516,Z4516,81,Z4516,97,2,00,1,80,ai0,000097,993903,0,,,,1,,2,163,164,2,,,,,29,2,3.0,,2000
00IN03103,1997814536,Z4536,81,Z4536,97,2,00,1,20,ai2,000097,420044,7,,,,U,LIM,3,169,158,2,,,,,U,A,3.0,,2000
00IN03104,1997814537,Z4537,81,Z4537,97,2,00,1,20,ai2,000097,420044,7,,,,U,LIM,3,168,177,2,,,,,U,A,3.0,,2000
00IN03105,1997814541,Z4541,81,Z4541,97,2,00,1,81,ai2,000097,117704,0,,,,1,,1,203,204,2,,,,,30,2,3.0,,2000
00IN03106,1997814542,Z4542,81,Z4542,97,2,00,1,10,45,000097,225510,7,,,,U,LIM,3,193,173,2,,,,,U,A,3.0,,2000
00IN03107,1997814543,Z4543,81,Z4543,97,2,00,1,10,45,000097,225510,7,,,,U,LIM,3,193,200,2,,,,,U,A,3.0,,2000
00IN03108,1997814545,Z4545,81,Z4545,97,2,00,1,80,ai0,000097,984503,0,,,,1,,2,166,178,2,,,,,31,2,3.0,,2000
00IN03109,1997814548,Z4548,81,Z4548,97,2,00,1,82,ai2,000097,434344,0,,,,1,,2,205,186,2,,,,,31,2,3.0,ENTR*2,2000
00IN03110,1997814554,Z4554,81,Z4554,97,1,ch,1,32,j.7,432544,308904,2,,,,3,LIB,*,0,0,0,X,93,0306,h,,,3.0,,2000
00IN03111,1997814564,Z4564,81,Z4564,97,2,00,1,20,ai2,000097,498244,7,,,,U,LIM,3,171,157,2,,,,,U,A,3.0,,2000
00IN03112,1997814566,Z4566,81,Z4566,97,2,00,1,SC,52,000097,844563,7,,,,3,LIM,K,171,211,1,,93,1002,,,,3.0,,2000
00IN03113,1997814571,Z4571,81,Z4571,97,2,00,1,10,41,000097,590810,7,,,,U,LIM,3,166,153,2,,,,,U,A,3.0,,2000
00IN03114,1997814576,Z4576,81,Z4576,97,2,00,1,20,ai2,000097,492144,7,,,,7,LIM,3,179,0,0,,97,0929,,,,3.0,,2000
00IN03115,1997814583,Z4583,81,Z4583,97,2,00,1,20,414,000097,204244,7,,,,7,LIM,3,186,0,0,,97,0929,,,,3.0,,2000
00IN03116,1997814584,Z4584,81,Z4584,97,2,00,1,20,414,000097,204244,7,,,,3,LIM,3,148,138,2,,93,1002,,,,3.0,,2000
00IN03117,1997814592,Z4592,81,Z4592,97,2,00,1,80,ai0,000097,905203,0,,,,1,,2,183,195,2,,,,,21,2,3.0,,2000
00IN03118,1997814599,Z4599,81,Z4599,97,2,00,1,20,413,000097,471744,7,,,,U,LIM,3,178,176,2,,,,,U,A,3.0,,2000
00IN03119,1997814603,Z4603,81,Z4603,97,2,00,1,SC,52,000097,686263,7,,,,3,LIM,K,183,225,1,,93,1002,,,,3.0,,2000
00IN03120,1997814604,Z4604,81,Z4604,97,2,00,1,SC,52,000097,686263,7,,,,U,LIM,3,194,182,2,,,,,U,A,3.0,,2000
00IN03121,1997814615,Z4615,81,Z4615,97,2,00,1,10,22,000097,488510,7,,,,U,LIM,3,210,168,2,,,,,U,A,3.0,,2000
00IN03122,1997814616,Z4616,81,Z4616,97,2,00,1,10,44,000097,382410,7,,,,U,LIM,3,166,185,2,,,,,U,A,3.0,4TEATS,2000
00IN03123,1997814620,Z4620,81,Z4620,97,2,00,1,10,ai2,000097,539310,7,,,,U,LIM,3,180,159,2,,,,,U,A,3.0,,2000
00IN03124,1997814624,Z4624,81,Z4624,97,2,00,1,80,ai0,000097,502403,0,,,,1,,2,182,162,2,,,,,25,2,3.0,,2000
00IN03125,1997814638,Z4638,81,Z4638,97,2,00,1,81,ai2,000097,237004,0,,,,7,,1,183,0,0,,97,0915,,,,3.0,1999 SEWN ok,2000
00IN03126,1997814642,Z4642,81,Z4642,97,2,00,1,10,51,000097,380810,7,,,,U,LIM,3,172,162,2,,,,,U,A,3.0,,2000
00IN03127,1997814645,Z4645,81,Z4645,97,2,00,1,20,812,000097,411344,7,,,,U,LIM,3,168,164,2,,,,,U,A,3.0,LAST LAMB '97,2000
00IN03128,1997814646,Z4646,81,Z4646,97,2,00,1,10,44,000097,560710,7,,,,U,LIM,3,191,206,2,,,,,U,A,3.0,BORN on RANGE,2000
00IN03129,1998814647,Z4647,81,Z4647,98,2,ch,1,34,AI,048404,408881,2,,NN,,1,,1,179,169,2,,,,h,BF,3,2.0,,2000
00IN03130,1998814648,Z4648,81,Z4648,98,1,ch,1,00,AI,048404,419481,2,,,,3,LIB,*,0,0,0,1,,,h,,,2.0,,2000
00IN03131,1998814649,Z4649,81,Z4649,98,2,ch,1,30,AI,035604,123604,2,,NN,,1,,2,137,138,2,,,,h,BF,3,2.0,,2000
00IN03132,1998814650,Z4650,81,Z4650,98,2,ch,1,30,AI,035604,123604,2,,NN,,3,,1,188,183,12,,93,1002,h,,,2.0,,2000
00IN03133,1998814653,Z4653,81,Z4653,98,2,ch,1,35,AI,048404,486144,2,,NN,,7,,2,160,0,0,,97,0915,h,,,2.0,,2000
00IN03134,1998814654,Z4654,81,Z4654,98,2,ch,1,00,AI,035604,422581,2,,NN,,6,,2,173,0,0,,05,0531,h,,,2.0,MASTITIS 5/31,2000
00IN03135,1998814655,Z4655,81,Z4655,98,1,ch,1,30,AI,035604,422881,2,,,,3,LIB,*,0,0,0,1,,,h,,,2.0,H6,2000
00IN03136,1998814657,Z4657,81,Z4657,98,2,ch,1,00,AI,035604,413181,2,,NN,,7,,1,148,0,0,,97,0915,h,,,2.0,THIN,2000
00IN03137,1998814663,Z4663,81,Z4663,98,2,ch,1,34,AI,048404,232604,2,,NN,,6,,X,154,0,0,,05,0601,h,,,2.0,BLUEBAG 5/23,2000
00IN03138,1998814664,Z4664,81,Z4664,98,2,ch,1,34,AI,048404,232604,2,,NN,,1,,1,160,155,2,,,,h,BF,3,2.0,BRN.LEGS,2000
00IN03139,1998814665,Z4665,81,Z4665,98,2,ch,1,34,AI,048404,241404,2,,NN,,1,,2,152,138,2,,,,h,BF,3,2.0,NICE,2000
00IN03140,1998814666,Z4666,81,Z4666,98,2,ch,1,34,AI,048404,241404,2,,NN,,1,,5,175,177,1,,,,h,BF,3,2.0,,2000
00IN03141,1998814667,Z4667,81,Z4667,98,1,ch,1,34,AI,048404,363204,2,,,,3,LIB,*,0,0,0,1,,,h,,,2.0,,2000
00IN03142,1998814669,Z4669,81,Z4669,98,2,ch,1,34,AI,035604,247104,2,,NN,,1,,1,143,145,2,,,,h,BF,3,2.0,,2000
00IN03143,1998814672,Z4672,81,Z4672,98,1,ch,1,00,AI,048404,511544,2,,,,3,LIB,*,0,0,0,X,93,0306,h,,,2.0,,2000
00IN03144,1998814673,Z4673,81,Z4673,98,2,ch,1,00,AI,048404,511544,2,,NN,,1,,1,155,158,2,,,,h,BF,3,2.0,,2000
00IN03145,1998814677,Z4677,81,Z4677,98,1,ch,1,35,AI,035604,504544,2,,,,3,LIB,*,0,0,0,1,01,1204,h,,,2.0,,2000
00IN03146,1998814686,Z4686,81,Z4686,98,2,ch,1,31,AI,035604,503344,2,,NN,,1,,1,171,169,2,,,,h,BF,3,2.0,,2000
00IN03147,1998814688,Z4688,81,Z4688,98,2,ch,1,34,AI,048404,129404,2,,NN,,1,,1,157,155,2,,,,h,BF,3,2.0,,2000
00IN03148,1998814689,Z4689,81,Z4689,98,2,ch,1,34,AI,048404,129404,2,,NN,,1,,1,126,130,2,,,,h,BF,3,2.0,,2000
00IN03149,1998814695,Z4695,81,Z4695,98,2,ch,1,32,AI,048404,543944,2,,NN,,1,,1,142,143,2,,,,h,BF,3,2.0,,2000
00IN03150,1998814696,Z4696,81,Z4696,98,1,ch,1,32,AI,048404,543944,2,,,,3,LIB,*,0,0,0,1,,,h,,,2.0,,2000
00IN03151,1998814697,Z4697,81,Z4697,98,2,ch,1,34,AI,048404,112504,2,,NN,,6,,*,0,0,0,,09,0401,h,,,2.0,"RUPTURE,DEAD",2000
00IN03152,1998814698,Z4698,81,Z4698,98,2,ch,1,34,AI,048404,112504,2,,NN,,1,,5,156,173,1,,,,h,BF,3,2.0,BRN.LR.LEG,2000
00IN03153,1998814700,Z4700,81,Z4700,98,2,ch,1,34,AI,035604,247804,2,,NN,,1,,2,151,150,2,,,,h,BF,3,2.0,,2000
00IN03154,1998814701,Z4701,81,Z4701,98,2,ch,1,34,AI,035604,247804,2,,NN,,6,OVX,*,0,0,0,X,95,0414,h,,,2.0,DRY YRLG,2000
00IN03155,1998814704,Z4704,81,Z4704,98,2,ch,1,35,AI,035604,497744,2,,NN,,3,OVX,*,0,0,0,X,,,h,,,2.0,"DRY, OVX",2000
00IN03156,1998814707,Z4707,81,Z4707,98,2,ch,1,35,AI,035604,422844,2,,NN,,1,,2,158,153,2,,,,h,BF,3,2.0,,2000
00IN03157,1998814708,Z4708,81,Z4708,98,2,ch,1,31,AI,048404,439644,2,,NN,,1,,1,161,158,2,,,,h,BF,3,2.0,,2000
00IN03158,1998814709,Z4709,81,Z4709,98,2,ch,1,31,AI,048404,439644,2,,NN,,1,,1,183,175,2,,,,h,BF,3,2.0,,2000
00IN03159,1998814711,Z4711,81,Z4711,98,2,ch,1,31,AI,048404,500244,2,,NN,,6,,1,171,0,0,,04,0426,h,,,2.0,"DEAD,TOXINS",2000
00IN03160,1998814716,Z4716,81,Z4716,98,2,ch,1,31,AI,035604,534644,2,,NN,,1,,1,142,137,2,,,,h,BF,3,2.0,,2000
00IN03161,1998814717,Z4717,81,Z4717,98,2,97,1,97,WSU,000097,402781,0,,,,1,,B,201,213,2,,,,M,971,1,2.0,MILD PNEU.,2000
00IN03162,1998814718,Z4718,81,Z4718,98,2,97,1,97,971,324681,323481,0,,,,1,,B,188,207,2,,,,M,971,1,2.0,WEAK,2000
00IN03163,1998814720,Z4720,81,Z4720,98,1,ch,1,34,AI,035604,322404,2,,,,3,LIB,*,0,0,0,1,,,h,,,2.0,,2000
00IN03164,1998814725,Z4725,81,Z4725,98,1,97,1,97,971,324681,159981,0,,,,1,,M,211,247,0,,93,1030,.,,,2.0,"X, LIBIDO",2000
00IN03165,1998814726,Z4726,81,Z4726,98,1,97,1,97,971,324681,159981,0,,,,7,,*,0,0,0,,97,0524,.,,,2.0,,2000
00IN03166,1998814732,Z4732,81,Z4732,98,1,97,1,97,972,322881,326081,0,,,,1,,M,228,274,0,,,,.,,,2.0,,2000
00IN03167,1998814733,Z4733,81,Z4733,98,2,97,1,97,972,322881,326081,0,,,,3,,B,192,223,3,X,93,1030,.,,,2.0,RUPTURE X,2000
00IN03168,1998814734,Z4734,81,Z4734,98,2,97,1,97,971,324681,068381,0,,,,3,,B,179,213,2,X,93,1030,M,,,2.0,BIG SW.BAG,2000
00IN03169,1998814738,Z4738,81,Z4738,98,2,97,1,97,972,322881,297381,0,,,,1,,B,148,178,2,,,,M,972,1,2.0,ENTR,2000
00IN03170,1998814740,Z4740,81,Z4740,98,2,97,1,97,971,324681,241981,0,,,,1,,B,165,211,2,,,,M,971,1,2.0,,2000
00IN03171,1998814741,Z4741,81,Z4741,98,1,97,1,97,971,324681,360481,0,,,,1,,M,237,283,0,,,,.,,,2.0,,2000
00IN03172,1998814748,Z4748,81,Z4748,98,1,97,1,97,972,322881,363881,0,,,,6,,*,0,0,0,,19,0104,.,,,2.0,,2000
00IN03173,1998814751,Z4751,81,Z4751,98,2,97,1,97,972,322881,326481,0,,,,1,,B,194,214,2,,,,.,972,1,2.0,,2000
00IN03174,1998814752,Z4752,81,Z4752,98,2,97,1,97,972,322881,326481,0,,,,1,,B,184,216,2,,,,.,972,1,2.0,,2000
00IN03175,1998814761,Z4761,81,Z4761,98,2,97,1,97,972,322881,361981,0,,,,3,,B,161,196,2,X,93,1030,.,,,2.0,X NO MILK,2000
00IN03176,1998814765,Z4765,81,Z4765,98,2,97,1,97,972,322881,286581,0,,,,1,,B,194,207,2,,,,.,971,1,2.0,,2000
00IN03177,1998814772,Z4772,81,Z4772,98,2,97,1,97,971,324681,243781,0,,,,3,,B,205,202,12,X,93,1030,.,,,2.0,,2000
00IN03178,1998814776,Z4776,81,Z4776,98,1,97,1,97,971,324681,138181,2,,,,3,LIB,*,0,0,0,X,93,0306,.,,,2.0,DUD,2000
00IN03179,1998814777,Z4777,81,Z4777,98,2,97,1,97,971,324681,138181,0,,,,1,,B,154,171,2,,,,.,971,1,2.0,ENTR,2000
00IN03180,1998814778,Z4778,81,Z4778,98,2,97,1,97,972,322881,321081,0,,,,1,,B,196,209,2,,,,M,971,1,2.0,,2000
00IN03181,1998814786,Z4786,81,Z4786,98,2,97,1,97,971,324681,159381,0,,,,1,,B,199,221,2,,,,.,971,1,2.0,,2000
00IN03182,1998814788,Z4788,81,Z4788,98,2,97,1,97,972,322881,291281,0,,,,1,,B,254,265,2,,,,M,972,1,2.0,"FAT, RP",2000
00IN03183,1998814789,Z4789,81,Z4789,98,1,00,1,81,AI,000097,411681,2,,,,3,LIB,*,0,0,0,X,93,0306,h,,,2.0,,2000
00IN03184,1998814798,Z4798,81,Z4798,98,2,97,1,97,972,322881,357181,0,,,,1,,B,180,197,2,,,,.,972,1,2.0,,2000
00IN03185,1998814799,Z4799,81,Z4799,98,1,00,1,80,AI,000097,124004,2,,,,3,LIB,*,0,0,0,1,,,h,,,2.0,,2000
00IN03186,1998814800,Z4800,81,Z4800,98,1,00,1,80,AI,000097,124004,2,,,,3,LIB,*,0,0,0,1,,,h,,,2.0,,2000
00IN03187,1998814801,Z4801,81,Z4801,98,2,97,1,97,971,324681,129181,0,,,,1,,B,156,183,2,,,,.,971,1,2.0,,2000
00IN03188,1998814802,Z4802,81,Z4802,98,1,00,1,81,AI,000097,402881,2,,,,3,LIB,*,0,0,0,X,93,0306,h,,,2.0,,2000
00IN03189,1998814803,Z4803,81,Z4803,98,1,00,1,81,AI,000097,281204,2,,,,3,LIB,*,0,0,0,X,93,0306,h,,,2.0,,2000
00IN03190,1998814804,Z4804,81,Z4804,98,1,00,1,81,AI,000097,281204,2,,,,3,LIB,*,0,0,0,1,,,h,,,2.0,ENTR,2000
00IN03191,1998814810,Z4810,81,Z4810,98,1,00,1,00,AI,000097,247904,2,,,,3,LIB,*,0,0,0,X,93,0306,h,,,2.0,,2000
00IN03192,1998814811,Z4811,81,Z4811,98,1,97,1,97,972,322881,366181,0,,,,1,,M,225,259,0,,,,.,,,2.0,,2000
00IN03193,1998814818,Z4818,81,Z4818,98,1,97,1,97,972,322881,330181,0,,,,1,,M,213,258,0,,,,.,,,2.0,,2000
00IN03194,1998814825,Z4825,81,Z4825,98,2,97,1,97,971,324681,236581,0,,,,1,,B,182,197,2,,,,.,971,1,2.0,,2000
00IN03195,1998814833,Z4833,81,Z4833,98,1,00,1,80,AI,000097,109904,2,,,,3,LIB,*,0,0,0,X,93,0306,h,,,2.0,,2000
00IN03196,1998814834,Z4834,81,Z4834,98,1,00,1,82,AI,000097,326404,2,,,,3,LIB,*,0,0,0,X,93,0306,h,,,2.0,,2000
00IN03197,1998814836,Z4836,81,Z4836,98,1,00,1,81,AI,000097,107804,2,,,,3,LIB,*,0,0,0,X,93,0306,h,,,2.0,,2000
00IN03198,1998814841,Z4841,81,Z4841,98,1,00,1,00,AI,000097,422681,2,,,,3,LIB,*,0,0,0,1,,,h,,,2.0,,2000
00IN03199,1998814845,Z4845,81,Z4845,98,1,00,1,81,AI,000097,107904,2,,,,3,LIB,*,0,0,0,1,,,h,,,2.0,,2000
00IN03200,1998814847,Z4847,81,Z4847,98,1,00,1,80,AI,000097,095604,2,,,,3,LIB,*,0,0,0,X,93,0306,h,,,2.0,,2000
00IN03201,1998814851,Z4851,81,Z4851,98,1,00,1,00,AI,000097,251104,2,,,,3,LIB,*,0,0,0,X,93,0306,h,,,2.0,,2000
00IN03202,1998814853,Z4853,81,Z4853,98,1,00,1,80,AI,000097,426581,2,,,,3,LIB,*,0,0,0,X,93,0306,h,,,2.0,,2000
00IN03203,1998814857,Z4857,81,Z4857,98,1,00,1,81,AI,000097,131104,2,,,,3,LIB,*,0,0,0,1,,,h,,,2.0,,2000
00IN03204,1998814860,Z4860,81,Z4860,98,2,97,1,97,972,322881,328281,0,,,,3,,B,183,197,12,X,93,1030,M,,,2.0,X LOW PROD,2000
00IN03205,1998814870,Z4870,81,Z4870,98,2,97,1,97,971,324681,294081,0,,,,1,,B,201,207,2,,,,.,971,1,2.0,,2000
00IN03206,1998814872,Z4872,81,Z4872,98,1,00,1,81,AI,000097,530910,2,,,,3,LIB,*,0,0,0,X,93,0306,h,,,2.0,,2000
00IN03207,1998814873,Z4873,81,Z4873,98,1,00,1,81,AI,000097,530910,2,,,,3,LIB,*,0,0,0,X,93,0306,h,,,2.0,,2000
00IN03208,1998814874,Z4874,81,Z4874,98,1,00,1,00,AI,000097,240304,2,,,,3,LIB,*,0,0,0,1,,,h,,,2.0,,2000
00IN03209,1998814876,Z4876,81,Z4876,98,1,00,1,81,AI,000097,229304,2,,,,3,LIB,*,0,0,0,X,93,0306,h,,,2.0,,2000
00IN03210,1998814877,Z4877,81,Z4877,98,1,00,1,81,AI,000097,229304,2,,,,3,LIB,*,0,0,0,X,93,0306,h,,,2.0,,2000
00IN03211,1998814878,Z4878,81,Z4878,98,1,00,1,81,AI,000097,222304,2,,,,3,LIB,*,0,0,0,X,93,0306,h,,,2.0,,2000
00IN03212,1998814885,Z4885,81,Z4885,98,1,00,1,81,AI,000097,362804,2,,,,3,LIB,*,0,0,0,X,93,0306,h,,,2.0,,2000
00IN03213,1998814887,Z4887,81,Z4887,98,1,00,1,81,AI,000097,563044,2,,,,3,LIB,*,0,0,0,X,93,0306,h,,,2.0,,2000
00IN03214,1998814892,Z4892,81,Z4892,98,2,97,1,97,972,322881,290381,0,,,,1,,B,186,218,2,,,,M,972,1,2.0,,2000
00IN03215,1998814894,Z4894,81,Z4894,98,1,00,1,00,AI,000097,655110,2,,,,3,LIB,*,0,0,0,X,93,0306,h,,,2.0,,2000
00IN03216,1998814896,Z4896,81,Z4896,98,1,00,1,81,AI,000097,239804,2,,,,3,LIB,*,0,0,0,X,93,0306,h,,,2.0,,2000
00IN03217,1998814903,Z4903,81,Z4903,98,2,97,1,97,972,322881,358281,0,,,,1,,B,176,200,2,,,,.,972,1,2.0,,2000
00IN03218,1998814906,Z4906,81,Z4906,98,2,97,1,97,972,322881,296381,0,,,,6,,*,0,0,0,,04,0525,.,,,2.0,,2000
00IN03219,1998814911,Z4911,81,Z4911,98,1,00,1,00,AI,000097,240204,2,,,,3,LIB,*,0,0,0,X,93,0306,h,,,2.0,,2000
00IN03220,1998814914,Z4914,81,Z4914,98,1,97,1,97,971,324681,288981,2,,,,3,LIB,*,0,0,0,X,93,0306,M,,,2.0,DUD,2000
00IN03221,1998814919,Z4919,81,Z4919,98,1,00,1,81,AI,000097,420581,2,,,,3,LIB,*,0,0,0,X,93,0306,h,,,2.0,,2000
00IN03222,1998814920,Z4920,81,Z4920,98,1,00,1,00,AI,000097,419381,2,,,,3,LIB,*,0,0,0,X,93,0306,h,,,2.0,ENTR,2000
00IN03223,1998814929,Z4929,81,Z4929,98,1,00,1,82,AI,000097,493144,2,,,,3,LIB,*,0,0,0,X,93,0306,h,,,2.0,,2000
00IN03224,1998814937,Z4937,81,Z4937,98,1,00,1,10,AI,000097,492144,2,,,,3,LIB,*,0,0,0,X,93,0306,h,,,2.0,,2000
00IN03225,1998814940,Z4940,81,Z4940,98,2,97,1,97,974,367981,405581,0,,,,1,,B,179,204,2,,,,.,972,1,2.0,"GOITER,SL.",2000
00IN03226,1998814943,Z4943,81,Z4943,98,1,00,1,81,AI,000097,233004,2,,,,3,LIB,*,0,0,0,X,93,0306,h,,,2.0,,2000
00IN03227,1998814951,Z4951,81,Z4951,98,1,00,1,81,AI,000097,131404,2,,,,3,LIB,*,0,0,0,X,93,0306,h,,,2.0,,2000
00IN03228,1998814952,Z4952,81,Z4952,98,1,00,1,81,AI,000097,131404,2,,,,3,LIB,*,0,0,0,X,93,0306,h,,,2.0,,2000
00IN03229,1998814954,Z4954,81,Z4954,98,1,00,1,81,AI,000097,247704,2,,,,3,LIB,*,0,0,0,1,,,h,,,2.0,,2000
00IN03230,1998814964,Z4964,81,Z4964,98,1,00,1,82,AI,000097,490144,2,,,,3,LIB,*,0,0,0,X,93,0306,h,,,2.0,,2000
00IN03231,1998814968,Z4968,81,Z4968,98,1,00,1,81,AI,000097,309304,2,,,,3,LIB,*,0,0,0,1,,,h,,,2.0,,2000
00IN03232,1998814978,Z4978,81,Z4978,98,1,00,1,81,AI,000097,230204,2,,,,3,LIB,*,0,0,0,1,,,h,,,2.0,,2000
00IN03233,1998814979,Z4979,81,Z4979,98,1,00,1,81,AI,000097,329104,2,,,,3,LIB,*,0,0,0,1,,,h,,,2.0,FX.RIBS,2000
00IN03234,1998814981,Z4981,81,Z4981,98,1,00,1,81,AI,000097,244204,2,,,,3,LIB,*,0,0,0,1,,,h,,,2.0,,2000
00IN03235,1998814990,Z4990,81,Z4990,98,1,00,1,81,AI,000097,117704,2,,,,3,LIB,*,0,0,0,X,93,0306,h,,,2.0,WEAK,2000
00IN03236,1998815025,Z5025,81,Z5025,98,1,00,1,81,AI,000097,230004,2,,,,3,LIB,*,0,0,0,X,93,0306,h,,,2.0,,2000
00IN03237,1998815030,Z5030,81,Z5030,98,1,00,1,80,AI,000097,108804,2,,,,3,LIB,*,0,0,0,X,93,0306,h,,,2.0,,2000
00IN03238,1998815042,Z5042,81,Z5042,98,1,00,1,80,AI,000097,228304,2,,,,3,LIB,*,0,0,0,1,,,h,,,2.0,,2000
00IN03239,1998815046,Z5046,81,Z5046,98,1,00,1,80,AI,000097,134604,2,,,,3,LIB,*,0,0,0,1,,,h,,,2.0,,2000
00IN03240,1998815049,Z5049,81,Z5049,98,1,00,1,80,AI,000097,305304,2,,,,3,LIB,*,0,0,0,X,93,0306,h,,,2.0,,2000
00IN03241,1998815056,Z5056,81,Z5056,98,1,00,1,81,AI,000097,113304,2,,,,6,LIB,*,0,0,0,1,66,1004,h,,,2.0,,2000
00IN03242,1998815067,Z5067,81,Z5067,98,1,00,1,81,AI,000097,124204,2,,,,3,LIB,*,0,0,0,1,,,h,,,2.0,,2000
00IN03243,1998815068,Z5068,81,Z5068,98,1,00,1,81,AI,000097,124204,2,,,,3,LIB,*,0,0,0,X,93,0306,h,,,2.0,,2000
00IN03244,1998815073,Z5073,81,Z5073,98,1,00,1,80,AI,000097,115404,2,,,,3,LIB,*,0,0,0,X,93,0306,h,,,2.0,,2000
00IN03245,1998815087,Z5087,81,Z5087,98,1,00,1,81,AI,000097,232704,2,,,,3,LIB,*,0,0,0,X,93,0306,h,,,2.0,,2000
00IN03246,1998815092,Z5092,81,Z5092,98,1,00,1,80,AI,000097,224804,2,,,,3,LIB,*,0,0,0,X,93,0306,h,,,2.0,,2000
00IN03247,1998815096,Z5096,81,Z5096,98,1,00,1,81,AI,000097,334604,2,,,,3,LIB,*,0,0,0,X,93,0306,h,,,2.0,,2000
00IN03248,1998815101,Z5101,81,Z5101,98,1,00,1,82,AI,000097,503544,2,,,,3,LIB,*,0,0,0,1,,,h,,,2.0,,2000
00IN03249,1998815108,Z5108,81,Z5108,98,1,00,1,80,AI,000097,122804,2,,,,3,LIB,*,0,0,0,X,93,0306,h,,,2.0,,2000
00IN03250,1998815116,Z5116,81,Z5116,98,1,00,1,82,AI,000097,488344,2,,,,3,LIB,*,0,0,0,1,,,h,,,2.0,,2000
00IN03251,1998815118,Z5118,81,Z5118,98,1,00,1,81,AI,000097,313204,2,,,,3,LIB,*,0,0,0,1,,,h,,,2.0,FX.RIBS@L,2000
00IN03252,1998815119,Z5119,81,Z5119,98,1,00,1,81,AI,000097,288804,2,,,,3,LIB,*,0,0,0,X,93,0306,h,,,2.0,,2000
00IN03253,1998815121,Z5121,81,Z5121,98,1,00,1,82,AI,000097,562644,2,,,,3,LIB,*,0,0,0,X,93,0306,h,,,2.0,,2000
00IN03254,1998815132,Z5132,81,Z5132,98,1,00,1,81,AI,000097,338104,2,,,,3,LIB,*,0,0,0,X,93,0306,h,,,2.0,,2000
00IN03255,1998815144,Z5144,81,Z5144,98,1,00,1,81,AI,000097,247604,2,,,,3,LIB,*,0,0,0,X,93,0306,h,,,2.0,,2000
00IN03256,1998815145,Z5145,81,Z5145,98,1,00,1,81,AI,000097,247604,2,,,,3,LIB,*,0,0,0,X,93,0306,h,,,2.0,,2000
00IN03257,1998815147,Z5147,81,Z5147,98,1,00,1,80,AI,000097,236604,2,,,,3,LIB,*,0,0,0,1,,,h,,,2.0,H4+,2000
00IN03258,1998815148,Z5148,81,Z5148,98,1,00,1,80,AI,000097,236604,2,,,,3,LIB,*,0,0,0,X,93,0306,h,,,2.0,,2000
00IN03259,1998815150,Z5150,81,Z5150,98,1,00,1,00,AI,000097,327704,2,,,,3,LIB,*,0,0,0,X,93,0306,h,,,2.0,,2000
00IN03260,1998815159,Z5159,81,Z5159,98,1,00,1,81,AI,000097,251004,2,,,,3,LIB,*,0,0,0,X,93,0306,h,,,2.0,,2000
00IN03261,1998815160,Z5160,81,Z5160,98,1,00,1,81,AI,000097,251004,2,,,,3,LIB,*,0,0,0,X,93,0306,h,,,2.0,,2000
00IN03262,1998815166,Z5166,81,Z5166,98,1,00,1,00,AI,000097,412381,2,,,,3,LIB,*,0,0,0,X,93,0306,h,,,2.0,,2000
00IN03263,1998815168,Z5168,81,Z5168,98,1,00,1,10,AI,000097,544744,2,,,,3,LIB,*,0,0,0,1,,,h,,,2.0,,2000
00IN03264,1998815177,Z5177,81,Z5177,98,1,00,1,82,AI,000097,428244,2,,,,3,LIB,*,0,0,0,X,93,0306,h,,,2.0,,2000
00IN03265,1998815185,Z5185,81,Z5185,98,1,00,1,82,AI,000097,434344,2,,,,3,LIB,*,0,0,0,X,93,0306,h,,,2.0,,2000
00IN03266,1998815198,Z5198,81,Z5198,98,1,00,1,10,AI,000097,508844,2,,,,3,LIB,*,0,0,0,X,93,0306,h,,,2.0,ENTR,2000
00IN03267,1999090005,90005,09,90005,99,2,88,1,30,L-7,323404,521704,7,,,,2, 92,5,113,135,1,,92,0921,L,,,1.0,,2000
00IN03268,1999090006,90006,09,90006,99,2,88,1,30,L-7,323404,532404,7,,,,1,LIM,3,117,115,2,,,,L,54,2,1.0,,2000
00IN03269,1999090015,90015,09,90015,99,2,88,1,30,L-8,376004,572904,7,,,,1,LIM,3,140,142,2,,,,L,51,2,1.0,HAIRY ok,2000
00IN03270,1999090018,90018,09,90018,99,2,00,1,43,L-4,785310,844100,7,,,,1,LIM,5,134,156,1,,,,L,BF,3,1.0,,2000
00IN03271,1999090022,90022,09,90022,99,2,88,1,30,L-7,323404,829000,7,,,,1,LIM,3,132,125,2,,,,L,56,2,1.0,FLT L,2000
00IN03272,1999090029,90029,09,90029,99,2,68,1,06,L-6,946463,044464,7,,,,2, 53,F,148,160,1,,92,0921,L,,,1.0,,2000
00IN03273,1999090035,90035,09,90035,99,2,88,1,30,L-8,376004,872400,7,,,,1,LIM,3,106,115,2,,,,L,52,2,1.0,,2000
00IN03274,1999090041,90041,09,90041,99,2,88,1,30,L-8,376004,838200,7,,,,2, 92,F,117,147,1,,92,0921,L,,,1.0,,2000
00IN03275,1999090044,90044,09,90044,99,2,88,1,30,L-8,376004,867500,7,,,,6,LIM,H,115,0,0,,66,0525,L,,,1.0,,2000
00IN03276,1999090046,90046,09,90046,99,2,88,1,30,L-7,323404,845400,7,,,,1,LIM,3,152,162,1,,,,L,55,2,1.0,,2000
00IN03277,1999090051,90051,09,90051,99,2,68,1,06,L-5,890163,031564,7,,,,1,LIM,3,169,159,2,,,,L,05,1,1.0,4TEATS,2000
00IN03278,1999090052,90052,09,90052,99,2,00,1,07,L-2,784610,803900,7,,,,6,LIM,*,0,0,0,,01,0319,L,,,1.0,,2000
00IN03279,1999090053,90053,09,90053,99,2,88,1,30,L-8,376004,839200,7,,,,1,LIM,3,112,125,2,,,,L,41,2,1.0,DYSTOCIA,2000
00IN03280,1999090056,90056,09,90056,99,2,00,1,00,L-7,323404,814200,1,,,,1,BLK,1,109,120,2,B,,,.,02,2,1.0,"DYSTOCIA,BLK.",2000
00IN03281,1999090057,90057,09,90057,99,2,00,1,00,L-7,323404,814200,1,,,,1,BLK,2,121,139,2,B,,,.,03,2,1.0,BLACK EWE,2000
00IN03282,1999090059,90059,09,90059,99,2,88,1,30,L-7,323404,836200,7,,,,1,LIM,3,115,118,2,,,,L,53,2,1.0,,2000
00IN03283,1999090061,90061,09,90061,99,2,68,1,06,L-5,890163,821000,7,,,,1,LIM,3,136,141,2,,,,L,06,1,1.0,NICE,2000
00IN03284,1999090062,90062,09,90062,99,2,00,1,91,L02,064100,955863,7,,,,3,LIM,3,101,111,2,,93,1002,L,,,1.0,WHITE,2000
00IN03285,1999090065,90065,09,90065,99,2,00,1,93,L-0,019300,950663,7,,,,2, 49,2,105,130,2,,92,0921,L,,,1.0,BLK.HEAD,2000
00IN03286,1999090066,90066,09,90066,99,1,00,1,93,L-0,019300,950663,7,,,,3,LIM,*,0,0,0,X,93,0306,L,,,1.0,BLK.HEAD,2000
00IN03287,1999090071,90071,09,90071,99,2,88,1,30,L-7,323404,844300,7,,,,1,LIM,3,129,140,2,,,,L,54,2,1.0,4TEATS,2000
00IN03288,1999090072,90072,09,90072,99,2,00,1,91,L-5,052100,030764,7,,,,3,LIM,3,166,145,2,,93,1002,L,,,1.0,BLACK 1/2D,2000
00IN03289,1999090074,90074,09,90074,99,2,00,1,91,L05,061900,603863,7,,,,3,LIM,3,137,167,2,,93,1002,L,,,1.0,WHITE,2000
00IN03290,1999090077,90077,09,90077,99,2,68,1,06,L-5,890163,838400,7,,,,1,LIM,3,148,145,2,,,,L,07,1,1.0,4TEATS,2000
00IN03291,1999090078,90078,09,90078,99,2,00,1,91,L-5,019300,028064,7,,,,3,LIM,3,160,163,2,,93,1002,L,,,1.0,BLK.HEAD,2000
00IN03292,1999090080,90080,09,90080,99,2,00,1,93,L-0,019300,937763,7,,,,3,LIM,3,127,138,2,,93,1002,L,,,1.0,BLK.HEAD,2000
00IN03293,1999090081,90081,09,90081,99,2,00,1,93,L-0,019300,937763,7,,,,3,LIM,3,121,122,2,,93,1002,L,,,1.0,BLK.HEAD,2000
00IN03294,1999090082,90082,09,90082,99,2,00,1,91,L-5,064000,038464,7,,,,6,LIM,3,162,0,0,,66,1004,L,,,1.0,"PINTO, XWILD",2000
00IN03295,1999090085,90085,09,90085,99,2,88,1,30,L-8,376004,510304,7,,,,6,LIM,*,0,0,0,,01,0407,L,,,1.0,,2000
00IN03296,1999090086,90086,09,90086,99,2,68,1,06,L-6,946463,044064,7,,,,1,LIM,3,156,170,1,,,,L,09,1,1.0,,2000
00IN03297,1999090088,90088,09,90088,99,1,00,1,91,L01,061900,702263,7,,,,3,LIM,Y,135,157,0,,93,0812,L,,,1.0,WHITE 1/2D,2000
00IN03298,1999090089,90089,09,90089,99,2,00,1,91,L01,061900,702263,7,,,,3,LIM,3,136,131,2,,93,1002,L,,,1.0,"ENTR,WHITE",2000
00IN03299,1999090093,90093,09,90093,99,2,00,1,93,L-0,061900,952263,7,,,,2, 48,5,120,146,1,,92,0921,L,,,1.0,BLK.HEAD,2000
00IN03300,1999090096,90096,09,90096,99,2,00,1,07,L-1,712410,827100,7,,,,1,LIM,F,127,145,1,,,,L,BF,3,1.0,,2000
00IN03301,1999090098,90098,09,90098,99,2,00,1,91,L01,061800,683763,7,,,,3,LIM,3,119,114,2,,93,1002,L,,,1.0,WHITE,2000
00IN03302,1999090100,90100,09,90100,99,2,00,1,91,L03,064100,736563,7,,,,3,LIM,3,133,128,2,,93,1002,L,,,1.0,WHITE,2000
00IN03303,1999090101,90101,09,90101,99,2,00,1,91,L03,064100,736563,7,,,,3,LIM,3,152,155,2,,93,1002,L,,,1.0,WHITE,2000
00IN03304,1999090102,90102,09,90102,99,2,88,1,30,L-7,323404,530404,7,,,,1,LIM,3,134,125,1,,,,L,56,2,1.0,,2000
00IN03305,1999090104,90104,09,90104,99,2,00,1,93,L-0,019300,940863,7,,,,2, 48,5,147,160,2,,92,0921,L,,,1.0,BLK.HEAD,2000
00IN03306,1999090107,90107,09,90107,99,2,00,1,91,L04,064100,712963,7,,,,6,LIM,3,0,0,0,,08,0515,L,,,1.0,RECTAL MESS,2000
00IN03307,1999090109,90109,09,90109,99,2,00,1,93,L-0,019300,938363,7,,,,3,LIM,3,135,153,4,,93,1002,L,,,1.0,BLK.HEAD,2000
00IN03308,1999090111,90111,09,90111,99,2,00,1,91,L03,064000,785163,7,,,,3,LIM,3,129,130,2,,93,1002,L,,,1.0,@MUD LAKE,2000
00IN03309,1999090112,90112,09,90112,99,2,00,1,91,L01,061900,589163,7,,,,3,LIM,3,134,131,2,,93,1002,L,,,1.0,WHITE,2000
00IN03310,1999090114,90114,09,90114,99,2,00,1,91,L01,061900,589163,7,,,,3,LIM,3,136,139,2,,93,1002,D,,,1.0,SAVE DxC,2000
00IN03311,1999090116,90116,09,90116,99,2,00,1,91,L04,019300,742263,7,,,,2, 44,H,121,145,1,,92,0921,L,,,1.0,BLK.HEAD,2000
00IN03312,1999090120,90120,09,90120,99,1,00,1,93,L-0,052100,954263,7,,,,3,LIM,*,0,0,0,X,93,0306,L,,,1.0,BLK.HEAD,2000
00IN03313,1999090121,90121,09,90121,99,2,88,1,30,L-8,376004,842300,7,,,,1,LIM,3,154,147,2,,,,L,56,2,1.0,,2000
00IN03314,1999090123,90123,09,90123,99,2,00,1,91,L06,061800,766763,7,,,,2, 44,5,135,178,1,,92,0921,L,,,1.0,BLK.HEAD,2000
00IN03315,1999090124,90124,09,90124,99,2,00,1,91,L06,061800,766763,7,,,,2, 46,5,124,151,1,,92,0921,L,,,1.0,BRN.FEET,2000
00IN03316,1999090127,90127,09,90127,99,2,00,1,93,L-0,052100,949063,7,,,,3,LIM,3,131,135,2,,93,1002,L,,,1.0,BLK.HEAD,2000
00IN03317,1999090128,90128,09,90128,99,2,00,1,91,L02,019300,888163,7,,,,3,LIM,3,143,148,2,,93,1002,L,,,1.0,DYSTOCIA ok,2000
00IN03318,1999090132,90132,09,90132,99,2,00,1,91,L04,064000,774463,7,,,,2, 45,5,165,193,1,,92,0921,L,,,1.0,PINTO,2000
00IN03319,1999090135,90135,09,90135,99,2,00,1,91,L02,052100,787163,7,,,,3,LIM,3,165,163,2,,93,1002,L,,,1.0,BLK.HEAD,2000
00IN03320,1999090136,90136,09,90136,99,2,00,1,93,L-0,052100,960763,7,,,,3,LIM,3,136,155,2,,93,1002,L,,,1.0,BLK.HEAD,2000
00IN03321,1999090138,90138,09,90138,99,1,00,1,93,L-0,019300,934163,7,,,,3,LIM,Y,150,184,0,,93,0812,L,,,1.0,"BLK.HEAD,PNEU",2000
00IN03322,1999090144,90144,09,90144,99,2,00,1,93,L-0,052100,950163,7,,,,2, 49,3,168,155,2,,92,0921,L,,,1.0,BLK.HEAD,2000
00IN03323,1999090146,90146,09,90146,99,2,00,1,91,L03,061800,972963,7,,,,3,LIM,3,127,138,2,,93,1002,L,,,1.0,"BRN.LEGS,NOSE",2000
00IN03324,1999090149,90149,09,90149,99,2,00,1,91,L03,061800,857763,7,,,,2, 46,5,115,138,1,,92,0921,L,,,1.0,BRN.EYE,2000
00IN03325,1999090156,90156,09,90156,99,2,00,1,93,L-0,052100,944763,7,,,,3,LIM,3,117,138,2,,93,1002,L,,,1.0,DYSTOCIA,2000
00IN03326,1999090158,90158,09,90158,99,2,00,1,93,L-0,019300,931463,7,,,,3,LIM,3,163,172,2,,93,1002,L,,,1.0,BLACK 3/4D,2000
00IN03327,1999090159,90159,09,90159,99,2,00,1,07,L16,000010,731600,7,,,,2, 82,F,111,122,1,,92,0921,L,,,1.0,,2000
00IN03328,1999090162,90162,09,90162,99,2,00,1,91,L02,019300,626463,7,,,,3,LIM,3,169,163,2,,93,1002,L,,,1.0,PINTO,2000
00IN03329,1999090165,90165,09,90165,99,2,00,1,91,L04,064000,990963,1,,,,1,BLK,2,140,170,2,B,,,L,05,1,1.0,"DYSTOCIA,23lb",2000
00IN03330,1999090170,90170,09,90170,99,2,00,1,91,L05,019300,713363,7,,,,3,LIM,3,139,151,2,,93,1002,L,,,1.0,BLK.HEAD,2000
00IN03331,1999090179,90179,09,90179,99,2,00,1,07,L14,000010,729800,7,,,,1,LIM,5,134,164,1,,,,L,BF,3,1.0,,2000
00IN03332,1999090181,90181,09,90181,99,2,00,1,91,L05,064100,776263,7,,,,2, 46,5,130,152,1,,92,0921,L,,,1.0,HAIRY,2000
00IN03333,1999090187,90187,09,90187,99,2,00,1,07,L16,000010,742600,7,,,,2, 82,F,97,113,1,,92,0921,L,,,1.0,,2000
00IN03334,1999090191,90191,09,90191,99,2,00,1,07,L14,000010,503200,7,,,,1,LIM,3,123,133,2,,,,L,BF,3,1.0,,2000
00IN03335,1999090194,90194,09,90194,99,2,00,1,91,L02,064000,686163,7,,,,2, 45,5,125,156,1,,92,0921,L,,,1.0,PINTO,2000
00IN03336,1999090205,90205,09,90205,99,2,00,1,07,L12,000010,078505,7,,,,1,LIM,3,144,148,2,,,,L,BF,3,1.0,,2000
00IN03337,1999090212,90212,09,90212,99,2,00,1,07,L13,000010,622900,7,,,,1,LIM,5,125,149,1,,,,L,BF,3,1.0,,2000
00IN03338,1999090214,90214,09,90214,99,2,00,1,07,L14,000010,000205,7,,,,2, 77,5,115,144,1,,92,0921,L,,,1.0,,2000
00IN03339,1999090216,90216,09,90216,99,2,00,1,07,L12,000010,014805,7,,,,1,LIM,3,104,122,2,,,,L,BF,3,1.0,,2000
00IN03340,1999090218,90218,09,90218,99,2,00,1,07,L13,000010,014905,7,,,,1,LIM,H,130,156,1,,,,L,BF,3,1.0,,2000
00IN03341,1999090220,90220,09,90220,99,2,00,1,07,L12,000010,209000,7,,,,1,LIM,3,149,153,2,,,,L,BF,3,1.0,,2000
00IN03342,1999090226,90226,09,90226,99,2,00,1,07,L13,000010,637700,7,,,,1,LIM,3,142,136,2,,,,L,BF,3,1.0,,2000
00IN03343,1999090231,90231,09,90231,99,2,00,1,07,L12,000010,625900,7,,,,1,LIM,3,161,152,4,,,,L,BF,3,1.0,DYSTOCIA ok,2000
00IN03344,1999090233,90233,09,90233,99,2,00,1,07,L11,000010,013205,7,,,,1,LIM,3,108,120,2,,,,L,BF,3,1.0,4TEATS,2000
00IN03345,1999090234,90234,09,90234,99,2,00,1,07,L13,000010,026205,7,,,,2, 78,F,118,142,1,,92,0921,L,,,1.0,4TEATS,2000
00IN03346,1999090235,90235,09,90235,99,2,00,1,07,L13,000010,026205,7,,,,2, 78,F,104,144,1,,92,0921,L,,,1.0,,2000
00IN03347,1999090239,90239,09,90239,99,2,00,1,07,L15,000010,641900,7,,,,1,LIM,3,110,117,2,,,,L,BF,3,1.0,,2000
00IN03348,1999090250,90250,09,90250,99,2,00,1,07,L14,000010,027605,7,,,,1,LIM,3,117,118,2,,,,L,BF,3,1.0,,2000
00IN03349,1999090256,90256,09,90256,99,2,00,1,07,L12,000010,629300,7,,,,1,LIM,3,133,148,2,,,,L,BF,3,1.0,DYSTOCIA ok,2000
00IN03350,1999090257,90257,09,90257,99,2,00,1,07,L12,000010,556500,7,,,,1,LIM,3,122,124,1,,,,L,BF,3,1.0,DYSTOCIA,2000
00IN03351,1999090258,90258,09,90258,99,2,00,1,07,L13,000010,909000,7,,,,2, 82,F,118,124,1,,92,0921,L,,,1.0,,2000
00IN03352,1999090259,90259,09,90259,99,2,00,1,07,L13,000010,909000,7,,,,1,LIM,3,121,134,2,,,,L,BF,3,1.0,4TEATS,2000
00IN03353,1999090262,90262,09,90262,99,2,00,1,07,L11,000010,016705,7,,,,1,LIM,3,124,139,2,,,,L,BF,3,1.0,,2000
00IN03354,1999090272,90272,09,90272,99,2,00,1,07,L11,000010,514500,7,,,,1,LIM,3,133,133,2,,,,L,BF,3,1.0,4TEATS,2000
00IN03355,1999090276,90276,09,90276,99,2,00,1,07,L11,000010,069605,7,,,,1,LIM,3,125,128,2,,,,L,BF,3,1.0,,2000
00IN03356,1999090278,90278,09,90278,99,2,00,1,07,L11,000010,069605,7,,,,1,LIM,3,140,124,2,,,,L,BF,3,1.0,,2000
00IN03357,1999090280,90280,09,90280,99,2,00,1,07,L12,000010,606000,7,,,,1,LIM,5,124,164,1,,,,L,BF,3,1.0,4TEATS,2000
00IN03358,1999090281,90281,09,90281,99,2,00,1,07,L12,000010,606000,7,,,,1,LIM,3,115,121,2,,,,L,BF,3,1.0,,2000
00IN03359,1999090283,90283,09,90283,99,2,00,1,07,L14,000010,008005,7,,,,1,LIM,5,125,147,1,,,,L,BF,3,1.0,,2000
00IN03360,1999090292,90292,09,90292,99,2,00,1,07,L12,000010,   500,7,,,,1,LIM,3,137,135,2,,,,L,BF,3,1.0,,2000
00IN03361,1999090295,90295,09,90295,99,2,00,1,07,L-2,784610,815000,7,,,,2, 82,F,97,118,1,,92,0921,L,,,1.0,,2000
00IN03362,1999090299,90299,09,90299,99,2,00,1,07,L11,000010,618200,7,,,,1,LIM,5,140,172,1,,,,L,BF,3,1.0,,2000
00IN03363,1999090300,90300,09,90300,99,2,00,1,07,L14,000010,018805,7,,,,2, 76,5,124,152,1,,92,0921,L,,,1.0,,2000
00IN03364,1999090308,90308,09,90308,99,2,00,1,07,L15,000010,608000,7,,,,1,LIM,3,149,144,1,,,,L,BF,3,1.0,,2000
00IN03365,1999090310,90310,09,90310,99,2,00,1,07,L15,000010,502200,7,,,,1,LIM,F,127,127,1,,,,L,BF,3,1.0,,2000
00IN03366,1999090311,90311,09,90311,99,2,00,1,07,L-1,712410,888600,7,,,,1,LIM,F,127,146,1,,,,L,BF,3,1.0,FIX BIG TAGoo,2000
00IN03367,1999090312,90312,09,90312,99,2,00,1,07,L15,000010,021505,7,,,,1,LIM,3,160,138,2,,,,L,BF,3,1.0,RP ok,2000
00IN03368,1999090317,90317,09,90317,99,2,00,1,07,L16,000010,034305,7,,,,1,LIM,3,115,125,2,,,,L,BF,3,1.0,4TEATS,2000
00IN03369,1999090319,90319,09,90319,99,2,00,1,07,L16,000010,255200,7,,,,2, 77,5,125,150,1,,92,0921,L,,,1.0,"RP,DYSTOCIA",2000
00IN03370,1999090326,90326,09,90326,99,2,00,1,07,L-3,844210,877700,7,,,,2, 77,F,119,148,1,,92,0921,L,,,1.0,,2000
00IN03371,1999090327,90327,09,90327,99,2,00,1,07,L16,000010, 55600,7,,,,1,LIM,3,117,134,2,,,,L,BF,3,1.0,,2000
00IN03372,1999090329,90329,09,90329,99,2,00,1,07,L14,000010,604600,7,,,,2, 77,F,116,149,1,,92,0921,L,,,1.0,,2000
00IN03373,1999090333,90333,09,90333,99,2,88,1,30,L-8,376004,858700,7,,,,1,LIM,3,139,147,2,,,,L,52,2,1.0,4TEATS,2000
00IN03374,1999090335,90335,09,90335,99,2,00,1,07,L16,000010,461700,7,,,,1,LIM,3,133,127,2,,,,L,BF,3,1.0,4TEATS,2000
00IN03375,1999090337,90337,09,90337,99,2,00,1,07,L16,000010,067805,7,,,,1,LIM,3,118,128,2,,,,L,BF,3,1.0,,2000
00IN03376,1999090342,90342,09,90342,99,2,00,1,07,L12,000010,608700,7,,,,1,LIM,3,158,154,2,,,,L,BF,3,1.0,,2000
00IN03377,1999090347,90347,09,90347,99,2,00,1,07,L16,000010,607200,7,,,,2, 81,F,109,128,1,,92,0921,L,,,1.0,,2000
00IN03378,1999090351,90351,09,90351,99,2,00,1,07,L15,000010,085205,7,,,,7,LIM,3,121,0,0,,97,0929,L,,,1.0,,2000
00IN03379,1999090362,90362,09,90362,99,2,00,1,07,L15,000010,043205,7,,,,1,LIM,3,125,125,2,,,,L,BF,3,1.0,,2000
00IN03380,1999090365,90365,09,90365,99,2,00,1,07,L11,000010,209100,7,,,,1,LIM,3,115,133,1,,,,L,BF,3,1.0,,2000
00IN03381,1999090369,90369,09,90369,99,2,00,1,07,L12,000010,033305,7,,,,1,LIM,3,133,136,2,,,,L,BF,3,1.0,,2000
00IN03382,1999090370,90370,09,90370,99,2,00,1,07,L14,000010,607900,7,,,,1,LIM,3,167,167,2,,,,L,BF,3,1.0,,2000
00IN03383,1999090372,90372,09,90372,99,2,00,1,07,L-4,785310,862500,7,,,,1,LIM,3,138,124,2,,,,L,BF,3,1.0,,2000
00IN03384,1999090373,90373,09,90373,99,2,00,1,07,L14,000010, 56500,7,,,,U,LIM,5,125,148,1,,,,L,U,A,1.0,NO BAG,2000
00IN03385,1999090375,90375,09,90375,99,2,88,1,30,L41,444104,872303,7,,,,1,LIM,3,132,137,2,,,,L,42,2,1.0,,2000
00IN03386,1999090380,90380,09,90380,99,2,68,1,06,L-5,890163,854300,7,,,,1,LIM,3,142,145,1,,,,L,08,1,1.0,"RP, FEVER",2000
00IN03387,1999090386,90386,09,90386,99,2,00,1,07,L14,000010,733700,7,,,,1,LIM,3,131,129,2,,,,L,BF,3,1.0,,2000
00IN03388,1999090388,90388,09,90388,99,2,00,1,07,L-2,784610,884200,7,,,,1,LIM,3,155,141,2,,,,L,BF,3,1.0,,2000
00IN03389,1999090392,90392,09,90392,99,2,00,1,07,L-3,844210,821700,7,,,,1,LIM,3,122,125,1,,,,L,BF,3,1.0,,2000
00IN03390,1999090396,90396,09,90396,99,2,68,1,06,L-5,890163,889900,7,,,,2, 55,F,140,153,1,,92,0921,L,,,1.0,,2000
00IN03391,1999090397,90397,09,90397,99,2,68,1,06,L01,009300,980663,7,,,,3,LIM,5,182,212,1,,93,1002,L,,,1.0,BLK.R.SHOU. <,2000
00IN03392,1999090415,90415,09,90415,99,2,68,1,06,L-5,890163,010464,7,,,,1,LIM,3,131,125,2,,,,L,01,1,1.0,,2000
00IN03393,1999090417,90417,09,90417,99,2,68,1,06,L-6,946463,035764,7,,,,2, 54,F,147,156,1,,92,0921,L,,,1.0,,2000
00IN03394,1999090421,90421,09,90421,99,2,68,1,06,L06,988463,852763,7,,,,2, 53,5,147,172,1,,92,0921,L,,,1.0,Tagged 6/4/99,2000
00IN03395,1999090424,90424,09,90424,99,2,00,1,07,L13,866710,555500,7,,,,2, 76,5,125,156,1,,92,0921,L,,,1.0,Tagged 6/4/99,2000
00IN03396,1999090506,90506,09,90506,99,1,68,1,06,L06,988463,906163,7,,,,6,LIM,*,0,0,0,,54,0315,L,,,1.0,,2000
00IN03397,1999090516,90516,09,90516,99,2,88,1,30,L40,468304,154604,7,,,,1,LIM,3,113,126,1,,,,L,56,2,1.0,,2000
00IN03398,1999090518,90518,09,90518,99,2,88,1,30,L45,467804,945703,7,,,,1,LIM,3,127,126,2,,,,L,56,2,1.0,,2000
00IN03399,1999090519,90519,09,90519,99,2,00,1,07,L32,878110,716400,7,,,,1,LIM,3,132,117,2,,,,L,BF,3,1.0,,2000
00IN03400,1999090527,90527,09,90527,99,1,88,1,30,L44,367804,886003,7,,,,2,LIB,Y,128,160,0,,,,L,,,1.0,DUD,2000
00IN03401,1999090528,90528,09,90528,99,2,88,1,30,L44,367804,886003,7,,,,7,LIM,3,112,0,0,,97,0929,L,,,1.0,,2000
00IN03402,1999090532,90532,09,90532,99,2,00,1,07,L30,687710,676610,7,,,,1,LIM,3,124,122,1,,,,L,BF,3,1.0,,2000
00IN03403,1999090541,90541,09,90541,99,2,88,1,30,L41,444104,278104,7,,,,1,LIM,3,142,132,2,,,,L,53,2,1.0,,2000
00IN03404,1999090545,90545,09,90545,99,2,88,1,30,L43,439504,055804,7,,,,1,LIM,3,130,114,2,,,,L,53,2,1.0,,2000
00IN03405,1999090552,90552,09,90552,99,2,00,1,07,L34,800810,817910,7,,,,2, 81,F,101,124,1,,92,0921,L,,,1.0,,2000
00IN03406,1999090558,90558,09,90558,99,2,00,1,07,L31,784210,805210,7,,,,1,LIM,3,116,129,2,,,,L,BF,3,1.0,,2000
00IN03407,1999090561,90561,09,90561,99,1,88,1,30,L42,452804,495604,7,,,,3,LIM,Y,142,183,0,,93,0812,L,,,1.0,BAD EYE,2000
00IN03408,1999090567,90567,09,90567,99,2,88,1,30,L44,367804,273604,7,,,,2, 91,5,123,155,1,,92,0921,L,,,1.0,,2000
00IN03409,1999090576,90576,09,90576,99,2,00,1,07,L34,800810,791810,7,,,,1,LIM,3,138,142,1,,,,L,BF,3,1.0,,2000
00IN03410,1999090589,90589,09,90589,99,2,88,1,30,L43,439504,266604,7,,,,1,LIM,3,130,142,2,,,,L,54,2,1.0,,2000
00IN03411,1999090594,90594,09,90594,99,1,88,1,30,L41,444104,367504,7,,,,3,LIM,Y,133,147,0,,93,0812,L,,,1.0,"L.TST, SMALL",2000
00IN03412,1999090597,90597,09,90597,99,2,88,1,30,L41,444104,489904,7,,,,1,LIM,3,131,123,2,,,,L,52,2,1.0,,2000
00IN03413,1999090606,90606,09,90606,99,2,00,1,07,L34,800810,403000,7,,,,1,LIM,F,127,154,1,,,,L,BF,3,1.0,,2000
00IN03414,1999090626,90626,09,90626,99,2,88,1,30,L44,367804,447104,7,,,,1,LIM,3,124,130,2,,,,L,43,2,1.0,,2000
00IN03415,1999090631,90631,09,90631,99,2,68,1,06,L02,013100,750963,7,,,,7,LIM,F,154,0,0,,97,0915,L,,,1.0,,2000
00IN03416,1999090638,90638,09,90638,99,2,68,1,06,L01,009300,750563,7,,,,1,LIM,F,141,168,1,,,,L,06,1,1.0,,2000
00IN03417,1999090642,90642,09,90642,99,2,00,1,07,L35,815210,210700,7,,,,1,LIM,3,137,137,1,,,,L,BF,3,1.0,,2000
00IN03418,1999090650,90650,09,90650,99,2,68,1,06,L01,009300,801363,7,,,,1,LIM,5,158,178,1,,,,L,07,1,1.0,,2000
00IN03419,1999090679,90679,09,90679,99,2,88,1,30,L43,439504,297304,7,,,,1,LIM,3,114,125,1,,,,L,53,2,1.0,,2000
00IN03420,1999090682,90682,09,90682,99,1,88,1,30,L41,444104,434504,7,,,,3,LIB,Y,138,160,0,X,,,L,,,1.0,DUD,2000
00IN03421,1999090684,90684,09,90684,99,2,88,1,30,L44,367804,395304,7,,,,1,LIM,3,115,118,2,,,,L,41,2,1.0,,2000
00IN03422,1999090685,90685,09,90685,99,2,88,1,30,L44,367804,395304,7,,,,1,LIM,3,124,138,2,,,,L,56,2,1.0,,2000
00IN03423,1999090687,90687,09,90687,99,2,88,1,30,L45,467804,162904,7,,,,1,LIM,3,151,136,2,,,,L,53,2,1.0,,2000
00IN03424,1999090694,90694,09,90694,99,2,88,1,30,L42,452804,471604,7,,,,1,LIM,3,133,147,2,,,,L,42,2,1.0,,2000
00IN03425,1999090703,90703,09,90703,99,2,68,1,06,L02,013100,668063,7,,,,2, 54,5,132,156,1,,92,0921,L,,,1.0,,2000
00IN03426,1999090710,90710,09,90710,99,2,00,1,07,L33,809810,791610,7,,,,1,LIM,5,127,154,1,,,,L,BF,3,1.0,,2000
00IN03427,1999090711,90711,09,90711,99,2,00,1,07,L31,784210,613000,7,,,,1,LIM,5,118,154,1,,,,L,BF,3,1.0,,2000
00IN03428,1999090719,90719,09,90719,99,2,00,1,07,L31,784210,744600,7,,,,1,LIM,3,134,130,2,,,,L,BF,3,1.0,,2000
00IN03429,1999090728,90728,09,90728,99,1,88,1,30,L41,444104,135104,7,,,,3,LIM,Y,145,172,0,,93,0812,L,,,1.0,,2000
00IN03430,1999090729,90729,09,90729,99,1,68,1,06,L03,968963,969463,7,,,,3,LIM,Y,166,196,0,,93,0812,L,,,1.0,,2000
00IN03431,1999090730,90730,09,90730,99,2,68,1,06,L01,009300,955063,7,,,,1,LIM,5,143,168,1,,,,L,08,1,1.0,,2000
00IN03432,1999090741,90741,09,90741,99,2,68,1,06,L06,988463,987263,7,,,,1,LIM,3,127,129,2,,,,L,02,1,1.0,,2000
00IN03433,1999090742,90742,09,90742,99,1,88,1,30,L42,452804,275204,7,,,,2, 99,Y,140,168,0,,92,0921,L,,,1.0,,2000
00IN03434,1999090743,90743,09,90743,99,2,88,1,30,L42,452804,275204,7,,,,1,LIM,3,128,130,2,,,,L,51,2,1.0,,2000
00IN03435,1999090745,90745,09,90745,99,2,88,1,30,L41,444104,355804,7,,,,1,LIM,3,141,145,2,,,,L,55,2,1.0,,2000
00IN03436,1999090748,90748,09,90748,99,2,88,1,30,L42,452804,159204,7,,,,1,LIM,3,124,125,2,,,,L,55,2,1.0,,2000
00IN03437,1999090749,90749,09,90749,99,1,88,1,30,L42,452804,159204,7,,,,3,LIM,Y,130,157,0,,93,0812,L,,,1.0,,2000
00IN03438,1999090753,90753,09,90753,99,2,00,1,07,L35,815210, 57700,7,,,,1,LIM,3,144,141,2,,,,L,BF,3,1.0,,2000
00IN03439,1999090754,90754,09,90754,99,2,00,1,07,L35,815210, 57700,7,,,,2, 76,5,130,151,1,,92,0921,L,,,1.0,,2000
00IN03440,1999090760,90760,09,90760,99,1,00,1,07,L32,878110,760510,7,,,,3,LIM,Y,129,165,0,,93,0812,L,,,1.0,,2000
00IN03441,1999090764,90764,09,90764,99,2,00,1,07,L34,800810,454210,7,,,,1,LIM,3,135,134,1,,,,L,BF,3,1.0,,2000
00IN03442,1999090767,90767,09,90767,99,2,00,1,07,L30,687710,400210,7,,,,1,LIM,3,113,126,1,,,,L,BF,3,1.0,,2000
00IN03443,1999090768,90768,09,90768,99,2,00,1,07,L30,687710,400210,7,,,,1,LIM,3,124,116,2,,,,L,BF,3,1.0,,2000
00IN03444,1999090776,90776,09,90776,99,1,68,1,06,L05,014300,798963,7,,,,1,LIM,Y,179,208,0,,,,L,,,1.0,DUD,2000
00IN03445,1999090782,90782,09,90782,99,2,00,1,07,L34,800810,706700,7,,,,2, 76,5,114,154,1,,92,0921,L,,,1.0,,2000
00IN03446,1999090785,90785,09,90785,99,2,00,1,92,L-0,000044,942963,1,,,,1,BLK,3,141,141,2,B,,,L,06,1,1.0,BLACK EWE,2000
00IN03447,1999090786,90786,09,90786,99,2,00,1,07,L35,815210,712400,7,,,,1,LIM,3,162,159,2,,,,L,BF,3,1.0,,2000
00IN03448,1999090788,90788,09,90788,99,2,00,1,07,L33,809810,225510,7,,,,2, 80,F,120,132,1,,92,0921,L,,,1.0,,2000
00IN03449,1999090789,90789,09,90789,99,1,00,1,07,L33,809810,225510,7,,,,2,156,Y,165,178,0,,92,0921,L,,,1.0,SM. TSTS?,2000
00IN03450,1999090791,90791,09,90791,99,2,88,1,30,L41,444104,321004,7,,,,1,LIM,3,127,119,2,,,,L,52,2,1.0,,2000
00IN03451,1999090800,90800,09,90800,99,2,88,1,30,L42,452804,260804,7,,,,1,LIM,3,126,126,2,,,,L,41,2,1.0,FIX BIG TAG *,2000
00IN03452,1999090805,90805,09,90805,99,2,00,1,07,L33,809810,411110,7,,,,1,LIM,3,131,134,2,,,,L,BF,3,1.0,,2000
00IN03453,1999090814,90814,09,90814,99,1,00,1,07,L34,800810,339610,7,,,,2,154,Y,170,205,0,,92,0921,L,,,1.0,,2000
00IN03454,1999090827,90827,09,90827,99,2,68,1,06,L05,014300,944463,7,,,,2, 52,5,132,167,1,,92,0921,L,,,1.0,,2000
00IN03455,1999090828,90828,09,90828,99,2,68,1,06,L05,014300,944463,7,,,,2, 52,F,130,157,1,,92,0921,L,,,1.0,SLICK:90828,2000
00IN03456,1999090830,90830,09,90830,99,2,88,1,30,L45,467804,307604,7,,,,1,LIM,3,114,119,2,,,,L,56,2,1.0,,2000
00IN03457,1999090833,90833,09,90833,99,2,88,1,30,L40,468304,052004,7,,,,1,LIM,3,138,157,1,,,,L,55,2,1.0,,2000
00IN03458,1999090835,90835,09,90835,99,2,68,1,06,L01,009300,912763,7,,,,1,LIM,5,145,179,1,,,,L,09,1,1.0,,2000
00IN03459,1999090836,90836,09,90836,99,1,68,1,06,L04,966063,816163,7,,,,6,LIM,Y,158,170,0,,46,0801,L,,,1.0,,2000
00IN03460,1999090837,90837,09,90837,99,1,00,1,07,L33,809810,430010,7,,,,3,LIM,Y,154,179,0,,93,0812,L,,,1.0,,2000
00IN03461,1999090838,90838,09,90838,99,1,00,1,07,L33,809810,430010,7,,,,3,LIM,Y,151,172,0,,93,0812,L,,,1.0,FIX BIG TAG**,2000
00IN03462,1999090844,90844,09,90844,99,2,88,1,30,L45,467804,262804,7,,,,1,LIM,3,112,110,2,,,,L,53,2,1.0,,2000
00IN03463,1999090863,90863,09,90863,99,2,00,1,07,L33,809810,206310,7,,,,2, 80,F,98,130,1,,92,0921,L,,,1.0,,2000
00IN03464,1999090866,90866,09,90866,99,2,00,1,92,L-0,000044,953863,1,,,,1,BLK,5,151,180,1,B,,,L,07,1,1.0,BLACK EWE,2000
00IN03465,1999090869,90869,09,90869,99,2,88,1,30,L45,467804,172304,7,,,,7,LIM,3,111,0,0,,97,0929,L,,,1.0,,2000
00IN03466,1999090870,90870,09,90870,99,2,88,1,30,L40,468304,485704,7,,,,1,LIM,3,111,126,2,,,,L,53,2,1.0,,2000
00IN03467,1999090876,90876,09,90876,99,2,68,1,06,L06,988463,714863,7,,,,2, 55,5,120,150,1,,92,0921,L,,,1.0,SMOKEY,2000
00IN03468,1999090878,90878,09,90878,99,2,88,1,30,L43,439504,395204,7,,,,2, 91,5,114,137,1,,92,0921,L,,,1.0,,2000
00IN03469,1999090880,90880,09,90880,99,2,88,1,30,L42,452804,268204,7,,,,1,LIM,3,134,130,2,,,,L,53,2,1.0,,2000
00IN03470,1999090882,90882,09,90882,99,1,00,1,07,L34,800810,436310,7,,,,3,LIM,Y,171,200,0,,93,0812,L,,,1.0,,2000
00IN03471,1999090883,90883,09,90883,99,2,00,1,07,L34,800810,436310,7,,,,1,LIM,3,121,131,1,,,,L,BF,3,1.0,,2000
00IN03472,1999090891,90891,09,90891,99,2,68,1,06,L03,968963,689663,7,,,,3,LIM,5,92,123,1,,93,1002,L,,,1.0,,2000
00IN03473,1999090898,90898,09,90898,99,2,00,1,92,L-0,000044,946763,1,,,,1,BLK,5,113,134,1,B,,,L,08,1,1.0,BLACK EWE,2000
00IN03474,1999090905,90905,09,90905,99,2,00,1,07,L34,800810,886410,7,,,,1,LIM,3,117,131,2,,,,L,BF,3,1.0,,2000
00IN03475,1999090908,90908,09,90908,99,2,88,1,30,L41,444104,257904,7,,,,1,LIM,3,140,139,2,,,,L,55,2,1.0,,2000
00IN03476,1999090913,90913,09,90913,99,2,68,1,06,L06,988463,731163,7,,,,1,LIM,3,153,141,2,,,,L,03,1,1.0,,2000
00IN03477,1999090916,90916,09,90916,99,2,68,1,06,L05,014300,750363,7,,,,2, 54,5,120,156,1,,92,0921,L,,,1.0,,2000
00IN03478,1999090920,90920,09,90920,99,1,68,1,06,L03,968963,704063,7,,,,1,LIM,Y,176,198,0,,,,L,,,1.0,,2000
00IN03479,1999090925,90925,09,90925,99,2,00,1,07,L15,790810,725600,7,,,,1,LIM,3,125,124,2,,,,L,BF,3,1.0,,2000
00IN03480,1999090927,90927,09,90927,99,2,00,1,07,L15,790810,605200,7,,,,1,LIM,3,118,124,2,,,,L,BF,3,1.0,,2000
00IN03481,1999090936,90936,09,90936,99,2,68,1,06,L03,968963,895963,7,,,,2, 56,F,125,143,1,,92,0921,L,,,1.0,,2000
00IN03482,1999090945,90945,09,90945,99,2,00,1,92,L-0,000044,937063,1,,,,1,BLK,3,147,121,2,B,,,L,09,1,1.0,BLACK EWE,2000
00IN03483,1999090947,90947,09,90947,99,2,00,1,92,L-0,000044,941263,1,,,,1,BLK,3,127,139,2,B,,,L,06,1,1.0,BLACK EWE,2000
00IN03484,1999090952,90952,09,90952,99,2,88,1,30,L42,452804,297104,7,,,,1,LIM,3,123,131,2,,,,L,54,2,1.0,,2000
00IN03485,1999090953,90953,09,90953,99,2,88,1,30,L42,452804,297104,7,,,,1,LIM,3,122,133,2,,,,L,54,2,1.0,,2000
00IN03486,1999090954,90954,09,90954,99,2,68,1,06,L01,009300,667263,7,,,,2, 52,5,128,172,1,,92,0921,L,,,1.0,,2000
00IN03487,1999090956,90956,09,90956,99,2,68,1,06,L01,009300,709663,7,,,,1,LIM,F,142,164,1,,,,L,06,1,1.0,,2000
00IN03488,1999090959,90959,09,90959,99,2,00,1,43,L31,784210,810610,7,,,,3,LIM,H,125,111,12,,93,1002,L,,,1.0,,2000
00IN03489,1999090973,90973,09,90973,99,2,00,1,07,L30,687710,100410,7,,,,1,LIM,3,127,115,2,,,,L,BF,3,1.0,,2000
00IN03490,1999090977,90977,09,90977,99,2,68,1,06,L03,968963,832363,7,,,,2, 53,F,127,159,1,,92,0921,L,,,1.0,,2000
00IN03491,1999090979,90979,09,90979,99,2,68,1,06,L06,988463,787763,7,,,,2, 56,5,104,136,1,,92,0921,L,,,1.0,,2000
00IN03492,1999090989,90989,09,90989,99,2,00,1,07,L14,845110,705500,7,,,,2, 80,F,116,133,1,,92,0921,L,,,1.0,,2000
00IN03493,1999090990,90990,09,90990,99,2,00,1,07,L14,845110,714400,7,,,,1,LIM,5,131,156,1,,,,L,BF,3,1.0,,2000
00IN03494,1999090992,90992,09,90992,99,2,68,1,06,L05,014300,703263,7,,,,1,LIM,3,146,156,1,,,,L,07,1,1.0,,2000
00IN03495,1999090996,90996,09,90996,99,1,00,1,43,L31,784210,731710,7,,,,3,LIM,Y,144,175,0,,93,0812,L,,,1.0,H4,2000
00IN03496,1999090999,90999,09,90999,99,2,00,1,07,L30,687710,795510,7,,,,2, 80,F,113,130,1,,92,0921,L,,,1.0,,2000
00IN03497,1999091003,91003,09,91003,99,2,00,1,07,L12,875110,512700,7,,,,1,LIM,5,130,154,1,,,,L,BF,3,1.0,,2000
00IN03498,1999091009,91009,09,91009,99,2,00,1,07,L11,879210,049405,7,,,,1,LIM,3,125,123,2,,,,L,BF,3,1.0,,2000
00IN03499,1999091013,91013,09,91013,99,2,00,1,07,L33,809810,869910,7,,,,1,LIM,F,146,155,1,,,,L,BF,3,1.0,,2000
00IN03500,1999091017,91017,09,91017,99,2,00,1,07,L31,784210,460510,7,,,,2, 79,5,113,140,1,,92,0921,L,,,1.0,,2000
00IN03501,1999091020,91020,09,91020,99,2,00,1,07,L30,687710,803510,7,,,,1,LIM,5,131,158,1,,,,L,BF,3,1.0,,2000
00IN03502,1999091027,91027,09,91027,99,2,68,1,06,L04,966063,785663,7,,,,2, 55,F,131,151,1,,92,0921,L,,,1.0,,2000
00IN03503,1999091030,91030,09,91030,99,2,88,1,30,L43,439504,031704,7,,,,1,LIM,3,121,111,2,,,,L,43,2,1.0,DYSTOCIA ok,2000
00IN03504,1999091042,91042,09,91042,99,2,68,1,06,L04,966063,758863,7,,,,1,LIM,F,153,167,1,,,,L,04,1,1.0,,2000
00IN03505,1999091043,91043,09,91043,99,2,00,1,07,L11,879210,034705,7,,,,2, 78,F,118,142,1,,92,0921,L,,,1.0,,2000
00IN03506,1999091044,91044,09,91044,99,2,00,1,07,L11,879210,034705,7,,,,1,LIM,F,131,136,1,,,,L,BF,3,1.0,,2000
00IN03507,1999091046,91046,09,91046,99,2,68,1,06,L05,014300,902463,7,,,,1,LIM,3,160,152,2,,,,L,08,1,1.0,,2000
00IN03508,1999091054,91054,09,91054,99,2,88,1,30,L45,467804,336004,7,,,,1,LIM,3,115,125,2,,,,L,55,2,1.0,,2000
00IN03509,1999091055,91055,09,91055,99,2,00,1,07,L13,866710,725200,7,,,,2, 79,F,119,141,1,,92,0921,L,,,1.0,,2000
00IN03510,1999091058,91058,09,91058,99,2,00,1,07,L13,866710,007605,7,,,,1,LIM,3,127,141,2,,,,L,BF,3,1.0,,2000
00IN03511,1999091061,91061,09,91061,99,2,00,1,07,L11,879210, 57200,7,,,,1,LIM,5,138,174,1,,,,L,BF,3,1.0,,2000
00IN03512,1999091063,91063,09,91063,99,2,00,1,07,L35,815210,675010,7,,,,7,LIM,F,111,0,0,,97,0915,L,,,1.0,,2000
00IN03513,1999091071,91071,09,91071,99,2,00,1,07,L33,809810,460710,7,,,,2, 76,5,129,154,1,,92,0921,L,,,1.0,,2000
00IN03514,1999091072,91072,09,91072,99,2,00,1,07,L32,878110,712300,7,,,,1,LIM,3,134,134,2,,,,L,BF,3,1.0,,2000
00IN03515,1999091075,91075,09,91075,99,2,00,1,07,L31,784210,458310,7,,,,O,OVX,5,94,134,1,X,,,L,,,1.0,"?BRED, OVX",2000
00IN03516,1999091077,91077,09,91077,99,2,00,1,07,L31,784210,401110,7,,,,2, 81,F,118,129,1,,92,0921,L,,,1.0,H3,2000
00IN03517,1999091080,91080,09,91080,99,1,00,1,07,L31,784210,533210,7,,,,3,LIM,Y,156,181,0,,93,0812,L,,,1.0,H7,2000
00IN03518,1999091081,91081,09,91081,99,2,00,1,07,L33,809810,619100,7,,,,2, 78,F,115,141,1,,92,0921,L,,,1.0,,2000
00IN03519,1999091084,91084,09,91084,99,2,88,1,30,L41,444104,289304,7,,,,1,LIM,3,119,124,2,,,,L,55,2,1.0,,2000
00IN03520,1999091089,91089,09,91089,99,2,88,1,30,L43,439504,261004,7,,,,1,LIM,3,125,139,2,,,,L,54,2,1.0,,2000
00IN03521,1999091090,91090,09,91090,99,2,88,1,30,L43,439504,261004,7,,,,1,LIM,3,118,118,2,,,,L,54,2,1.0,,2000
00IN03522,1999091091,91091,09,91091,99,1,88,1,30,L45,467804,846103,7,,,,3,LIB,Y,139,163,0,U,93,1219,L,,,1.0,H2 DUD,2000
00IN03523,1999091093,91093,09,91093,99,1,88,1,30,L45,467804,846103,7,,,,3,LIB,Y,125,143,0,U,93,1219,L,,,1.0,DUD,2000
00IN03524,1999091097,91097,09,91097,99,2,00,1,07,L15,790810,613300,7,,,,1,LIM,3,147,138,2,,,,L,BF,3,1.0,,2000
00IN03525,1999091103,91103,09,91103,99,2,00,1,07,L12,875110,603800,7,,,,2, 81,F,106,127,1,,92,0921,L,,,1.0,,2000
00IN03526,1999091108,91108,09,91108,99,2,88,1,30,L42,452804,120604,7,,,,1,LIM,3,130,130,2,,,,.,56,2,1.0,FIX BIG TAG,2000
00IN03527,1999091115,91115,09,91115,99,2,00,1,07,L12,875110,002505,7,,,,2, 78,5,110,144,1,,92,0921,L,,,1.0,,2000
00IN03528,1999091120,91120,09,91120,99,2,00,1,07,L11,879210,603700,7,,,,1,LIM,5,125,163,1,,,,L,BF,3,1.0,,2000
00IN03529,1999091125,91125,09,91125,99,2,88,1,30,L43,439504,479304,7,,,,1,LIM,3,135,138,1,,,,L,53,2,1.0,,2000
00IN03530,1999091127,91127,09,91127,99,2,00,1,07,L34,800810, 57800,7,,,,2, 81,F,97,124,1,,92,0921,L,,,1.0,,2000
00IN03531,1999091128,91128,09,91128,99,2,00,1,07,L34,800810, 57800,7,,,,2, 78,F,109,142,1,,92,0921,L,,,1.0,,2000
00IN03532,1999091137,91137,09,91137,99,2,00,1,07,L11,879210,732400,7,,,,1,LIM,3,140,132,2,,,,L,BF,3,1.0,,2000
00IN03533,1999091138,91138,09,91138,99,2,00,1,07,L11,879210,732400,7,,,,2, 79,F,115,139,1,,92,0921,L,,,1.0,,2000
00IN03534,1999091143,91143,09,91143,99,2,68,1,06,L04,966063,694463,7,,,,1,LIM,3,174,162,2,,,,L,05,1,1.0,,2000
00IN03535,1999091145,91145,09,91145,99,2,88,1,30,L45,467804,269604,7,,,,2, 91,5,132,163,1,,92,0921,L,,,1.0,,2000
00IN03536,1999091148,91148,09,91148,99,2,88,1,30,L41,444104,205704,7,,,,2, 91,F,131,145,1,,92,0921,L,,,1.0,,2000
00IN03537,1999091149,91149,09,91149,99,2,88,1,30,L41,444104,205704,7,,,,1,LIM,3,115,120,2,,,,L,52,2,1.0,,2000
00IN03538,1999091155,91155,09,91155,99,2,00,1,07,L35,815210,739500,7,,,,2, 77,5,123,148,1,,92,0921,L,,,1.0,,2000
00IN03539,1999091156,91156,09,91156,99,2,00,1,07,L35,815210,739500,7,,,,2, 76,5,123,151,1,,92,0921,L,,,1.0,SLICK:91156,2000
00IN03540,1999091160,91160,09,91160,99,2,00,1,07,L30,687710,717010,7,,,,1,LIM,3,113,117,2,,,,L,BF,3,1.0,,2000
00IN03541,1999091166,91166,09,91166,99,2,68,1,06,L02,013100,597163,7,,,,1,LIM,5,140,160,1,,,,L,09,1,1.0,,2000
00IN03542,1999091169,91169,09,91169,99,2,88,1,30,L41,444104,025804,7,,,,2, 91,5,115,136,1,,92,0921,L,,,1.0,,2000
00IN03543,1999091173,91173,09,91173,99,1,88,1,30,L43,439504,370204,7,,,,3,LIM,Y,138,168,0,,93,0812,L,,,1.0,,2000
00IN03544,1999091174,91174,09,91174,99,2,88,1,30,L42,452804,356404,7,,,,1,LIM,3,109,117,1,,,,L,56,2,1.0,,2000
00IN03545,1999091176,91176,09,91176,99,1,68,1,06,L02,013100,784963,7,,,,3,LIM,Y,138,165,0,,93,0812,L,,,1.0,F3-,2000
00IN03546,1999091180,91180,09,91180,99,2,88,1,30,L43,439504,385404,7,,,,3,LIM,3,142,145,13,,93,1002,L,,,1.0,,2000
00IN03547,1999091181,91181,09,91181,99,2,00,1,07,L11,879210,514300,7,,,,1,LIM,3,139,145,2,,,,L,BF,3,1.0,,2000
00IN03548,1999091188,91188,09,91188,99,2,00,1,07,L16,677210,048005,7,,,,1,LIM,3,141,126,2,,,,L,BF,3,1.0,BRN.EARS,2000
00IN03549,1999091192,91192,09,91192,99,2,00,1,07,L16,677210,550400,7,,,,2, 80,F,115,134,1,,92,0921,L,,,1.0,,2000
00IN03550,1999091193,91193,09,91193,99,2,00,1,07,L11,879210,514300,7,,,,2, 79,F,112,137,1,,92,0921,L,,,1.0,,2000
00IN03551,1999091199,91199,09,91199,99,2,00,1,07,L13,866710,953000,7,,,,2, 79,F,118,140,1,,92,0921,L,,,1.0,,2000
00IN03552,1999091200,91200,09,91200,99,1,00,1,07,L30,687710,438410,7,,,,2,LIB,Y,176,204,0,,,,L,,,1.0,DUD,2000
00IN03553,1999091201,91201,09,91201,99,2,00,1,07,L32,878110,508010,7,,,,2, 79,F,123,137,1,,92,0921,L,,,1.0,,2000
00IN03554,1999091208,91208,09,91208,99,2,88,1,30,L41,444104,954603,7,,,,1,LIM,3,123,124,2,,,,L,51,2,1.0,,2000
00IN03555,1999091212,91212,09,91212,99,1,68,1,06,L01,009300,639463,7,,,,2,LIB,Y,176,204,0,,,,L,,,1.0,DUD,2000
00IN03556,1999091217,91217,09,91217,99,1,88,1,30,L45,467804,912103,7,,,,3,LIM,Y,159,176,0,,93,0812,L,,,1.0,,2000
00IN03557,1999091218,91218,09,91218,99,1,88,1,30,L44,367804,276904,7,,,,3,LIM,Y,136,160,0,,93,0812,L,,,1.0,H2,2000
00IN03558,1999091219,91219,09,91219,99,2,88,1,30,L44,367804,276904,7,,,,1,LIM,3,127,136,2,,,,L,53,2,1.0,,2000
00IN03559,1999091232,91232,09,91232,99,2,00,1,43,L31,784210,658010,7,,,,O,OVX,5,116,148,1,X,01,1222,L,,,1.0,?BRED 8/2000*,2000
00IN03560,1999091236,91236,09,91236,99,1,00,1,07,L31,784210,837010,7,,,,3,LIM,Y,151,168,0,,93,0812,L,,,1.0,H5,2000
00IN03561,1999091240,91240,09,91240,99,2,00,1,07,L34,800810,246410,7,,,,2, 78,5,104,133,1,,92,0921,L,,,1.0,,2000
00IN03562,1999091243,91243,09,91243,99,1,68,1,06,L02,013100,929163,7,,,,1,LIM,Y,178,215,0,,,,L,,,1.0,DUD,2000
00IN03563,1999091244,91244,09,91244,99,2,68,1,06,L06,988463,782463,7,,,,2, 55,5,127,151,1,,92,0921,L,,,1.0,,2000
00IN03564,1999091251,91251,09,91251,99,2,68,1,06,L02,013100,591563,7,,,,1,LIM,F,151,167,1,,,,L,08,1,1.0,,2000
00IN03565,1999091257,91257,09,91257,99,2,00,1,07,L15,790810,631600,7,,,,2, 80,5,99,130,1,,92,0921,L,,,1.0,,2000
00IN03566,1999091265,91265,09,91265,99,2,00,1,07,L15,790810,015905,7,,,,1,LIM,3,126,130,2,,,,L,BF,3,1.0,,2000
00IN03567,1999091267,91267,09,91267,99,2,68,1,06,L06,988463,828063,7,,,,2, 53,F,135,156,1,,92,0921,L,,,1.0,,2000
00IN03568,1999091268,91268,09,91268,99,2,88,1,30,L44,367804,171704,7,,,,1,LIM,3,140,137,2,,,,L,55,2,1.0,,2000
00IN03569,1999091269,91269,09,91269,99,1,00,1,07,L35,815210,437910,7,,,,3,LIM,Y,136,166,0,,93,0812,L,,,1.0,,2000
00IN03570,1999091270,91270,09,91270,99,2,00,1,07,L35,815210,437910,7,,,,2, 81,F,104,127,1,,92,0921,L,,,1.0,,2000
00IN03571,1999091271,91271,09,91271,99,2,00,1,92,L-0,000044,930563,1,,,,1,BLK,3,131,134,2,B,,,L,07,1,1.0,BLACK EWE,2000
00IN03572,1999091273,91273,09,91273,99,2,00,1,07,L12,875110,729500,7,,,,2, 82,5,89,120,1,,92,0921,L,,,1.0,DYSTOCIA,2000
00IN03573,1999091274,91274,09,91274,99,2,00,1,07,L13,866710,619200,7,,,,2, 76,5,113,154,1,,92,0921,L,,,1.0,,2000
00IN03574,1999091276,91276,09,91276,99,2,00,1,07,L14,845110,606500,7,,,,1,LIM,F,145,161,1,,,,L,BF,3,1.0,,2000
00IN03575,1999091278,91278,09,91278,99,2,00,1,07,L11,879210,619900,7,,,,1,LIM,F,123,151,1,,,,L,BF,3,1.0,WITH LIM'S,2000
00IN03576,1999091281,91281,09,91281,99,2,68,1,06,L02,013100,830663,7,,,,1,LIM,3,153,150,2,,,,L,09,1,1.0,MSG 3/3/2000,2000
00IN03577,1999091295,91295,09,91295,99,2,00,1,07,L35,815210,509910,7,,,,1,LIM,3,109,122,2,,,,L,BF,3,1.0,,2000
00IN03578,1999091298,91298,09,91298,99,2,00,1,07,L15,790810,505300,7,,,,2, 81,F,107,126,1,,92,0921,L,,,1.0,,2000
00IN03579,1999091307,91307,09,91307,99,2,00,1,07,L16,677210,028605,7,,,,2, 82,F,101,122,1,,92,0921,L,,,1.0,,2000
00IN03580,1999091313,91313,09,91313,99,2,68,1,06,L05,014300,767063,7,,,,2, 56,5,108,145,1,,92,0921,L,,,1.0,,2000
00IN03581,1999091314,91314,09,91314,99,2,68,1,06,L05,014300,767063,7,,,,2, 55,5,125,153,1,,92,0921,L,,,1.0,,2000
00IN03582,1999091315,91315,09,91315,99,2,68,1,06,L06,988463,653263,7,,,,2, 56,5,127,148,1,,92,0921,L,,,1.0,BRN.EARS,2000
00IN03583,1999091317,91317,09,91317,99,1,00,1,07,L30,687710,830910,7,,,,3,LIM,Y,143,169,0,,93,0812,L,,,1.0,,2000
00IN03584,1999091318,91318,09,91318,99,2,00,1,07,L12,875110,710500,7,,,,2, 77,F,122,148,1,,92,0921,L,,,1.0,,2000
00IN03585,1999091330,91330,09,91330,99,2,00,1,07,L15,790810,005105,7,,,,3,LIM,5,117,149,1,,93,1002,L,,,1.0,BLK.SPOT,2000
00IN03586,1999091334,91334,09,91334,99,2,00,1,07,L35,815210,858510,7,,,,1,LIM,3,123,118,2,,,,L,BF,3,1.0,,2000
00IN03587,1999091338,91338,09,91338,99,1,68,1,06,L03,968963,598663,7,,,,3,LIM,Y,131,166,0,,93,0812,L,,,1.0,,2000
00IN03588,1999091339,91339,09,91339,99,1,68,1,06,L03,968963,598663,7,,,,2,116,Y,159,200,0,,92,0921,L,,,1.0,,2000
00IN03589,1999091344,91344,09,91344,99,2,00,1,07,L12,875110,006905,7,,,,2, 80,5,98,129,1,,92,0921,L,,,1.0,,2000
00IN03590,1999091349,91349,09,91349,99,2,00,1,07,L12,875110,618300,7,,,,2, 79,F,112,140,1,,92,0921,L,,,1.0,,2000
00IN03591,1999091354,91354,09,91354,99,2,00,1,07,L12,875110,056205,7,,,,2, 82,F,93,104,1,,92,0921,L,,,1.0,?? SIZE,2000
00IN03592,1999091358,91358,09,91358,99,2,00,1,07,L32,878110,640610,7,,,,1,LIM,F,134,154,1,,,,L,BF,3,1.0,,2000
00IN03593,1999091362,91362,09,91362,99,2,00,1,07,L35,815210,792110,7,,,,1,LIM,5,137,165,1,,,,L,BF,3,1.0,,2000
00IN03594,1999091364,91364,09,91364,99,2,00,1,92,L-0,000044,949963,1,,,,1,BLK,5,136,169,1,B,,,L,08,1,1.0,BLACK EWE,2000
00IN03595,1999091372,91372,09,91372,99,1,68,1,06,L06,988463,800963,7,,,,3,LIM,Y,170,197,0,,93,0812,L,,,1.0,,2000
00IN03596,1999091379,91379,09,91379,99,2,00,1,07,L15,790810,607100,7,,,,1,LIM,3,127,135,2,,,,L,BF,3,1.0,,2000
00IN03597,1999091380,91380,09,91380,99,1,00,1,07,L32,878110,669410,7,,,,3,LIM,Y,110,133,0,,93,0812,L,,,1.0,RUNT,2000
00IN03598,1999091390,91390,09,91390,99,1,00,1,07,L35,815210,647910,7,,,,3,LIM,Y,149,182,0,,93,0812,L,,,1.0,,2000
00IN03599,1999091392,91392,09,91392,99,2,68,1,06,L01,009300,853463,7,,,,2, 52,5,133,156,1,,92,0921,L,,,1.0,,2000
00IN03600,1999091399,91399,09,91399,99,1,68,1,06,L04,966063,693763,7,,,,3,LIM,Y,131,154,0,,93,0812,L,,,1.0,SICK,2000
00IN03601,1999091402,91402,09,91402,99,1,00,1,07,L35,815210,701810,7,,,,3,LIM,Y,144,172,0,,93,0812,L,,,1.0,,2000
00IN03602,1999091405,91405,09,91405,99,2,68,1,06,L04,966063,824363,7,,,,2, 54,F,137,155,1,,92,0921,L,,,1.0,,2000
00IN03603,1999091414,91414,09,91414,99,2,68,1,06,L01,009300,788563,7,,,,2, 56,5,104,128,1,,92,0921,L,,,1.0,,2000
00IN03604,1999091417,91417,09,91417,99,2,00,1,07,L14,845110,015405,7,,,,7,LIM,F,112,0,0,,97,0915,L,,,1.0,,2000
00IN03605,1999091420,91420,09,91420,99,2,00,1,10,L32,000081,401310,7,,,,U,LIM,3,139,142,2,,,,L,U,A,1.0,BF,2000
00IN03606,1999091421,91421,09,91421,99,2,00,1,07,L16,677210,210300,7,,,,2, 77,F,116,144,1,,92,0921,L,,,1.0,NICE,2000
00IN03607,1999091426,91426,09,91426,99,2,00,1,10,L32,000081, 54200,7,,,,3,LIM,5,146,171,1,,93,1002,L,,,1.0,DYSTOCIA ok,2000
00IN03608,1999091428,91428,09,91428,99,2,00,1,10,L35,000081,818210,7,,,,U,LIM,3,133,144,2,,,,L,U,A,1.0,BF,2000
00IN03609,1999091429,91429,09,91429,99,2,00,1,SC,L-0,000081,940463,7,,,,U,LIM,3,106,127,2,,,,L,U,A,1.0,BF,2000
00IN03610,1999091432,91432,09,91432,99,2,00,1,SC,L04,000081,901963,7,,,,7,LIM,3,154,0,0,,97,0929,L,,,1.0,BF,2000
00IN03611,1999091445,91445,09,91445,99,2,00,1,10,L33,000081,643310,7,,,,3,LIM,5,109,141,1,,93,1002,L,,,1.0,BF,2000
00IN03612,1999091453,91453,09,91453,99,2,00,1,10,L33,000081,691910,7,,,,U,LIM,3,114,135,2,,,,L,U,A,1.0,BF,2000
00IN03613,1999091454,91454,09,91454,99,2,00,1,10,L33,000081,691910,7,,,,3,LIM,3,133,157,2,,93,1002,L,,,1.0,BF,2000
00IN03614,1999091457,91457,09,91457,99,2,00,1,10,L35,000081,843910,7,,,,3,LIM,X,0,0,0,,93,0612,L,,,1.0,"CSEC,-DILATE",2000
00IN03615,1999091458,91458,09,91458,99,2,00,1,SC,L03,000081,815663,7,,,,3,LIM,5,128,173,1,,93,1002,L,,,1.0,BF,2000
00IN03616,1999091483,91483,09,91483,99,2,00,1,10,L32,000081,396310,7,,,,U,LIM,3,139,139,2,,,,L,U,A,1.0,BF,2000
00IN03617,1999091489,91489,09,91489,99,2,00,1,10,L32,000081,202010,7,,,,U,LIM,3,130,140,2,,,,L,U,A,1.0,BF,2000
00IN03618,1999046021,A6021,04,A6021,99,3,88,1,30,e.9,431404,530104,0,,,,3,,*,0,0,0,,93,0110,C,,,1.0,T,2000
00IN03619,1999046072,A6072,04,A6072,99,2,88,1,30,43-,439504,472904,7,,,,2, 90,5,131,150,1,,92,0921,.,,,1.0,,2000
00IN03620,1999046091,A6091,04,A6091,99,2,82,1,30,31,448704,417204,0,,,,O,OVX,5,121,149,1,X,18,1012,C,,,1.0,,2000
00IN03621,1999046092,A6092,04,A6092,99,2,82,1,30,31,448704,417204,0,,,,1,SAV,2,97,115,2,,,,C,25,2,1.0,NICE,2000
00IN03622,1999046102,A6102,04,A6102,99,1,81,1,30,02,307904,999003,0,,,,1,,Y,150,172,0,,,,M,,,1.0,DUD,2000
00IN03623,1999046103,A6103,04,A6103,99,1,81,1,30,01,425404,968503,0,,,,3,LIB,Y,186,219,0,U,93,1219,M,,,1.0,PINK DUD,2000
00IN03624,1999046104,A6104,04,A6104,99,1,81,1,30,01,425404,968503,0,,,,2, 97,Y,188,207,0,,92,0921,M,,,1.0,,2000
00IN03625,1999046107,A6107,04,A6107,99,1,81,1,30,03,459104,287904,0,,,,6,,Y,142,0,0,,16,0710,M,,,1.0,"DEAD,DITCH",2000
00IN03626,1999046108,A6108,04,A6108,99,2,81,1,30,03,459104,287904,0,,,,1,,1,132,156,2,,,,M,04,2,1.0,,2000
00IN03627,1999046112,A6112,04,A6112,99,1,88,1,30,44-,367804,378204,7,,,,3,Nax,Y,141,180,0,,93,0812,.,,,1.0,"L.TAIL, EPI",2000
00IN03628,1999046113,A6113,04,A6113,99,1,88,1,30,44-,367804,378204,7,,,,1,Nax,Y,142,172,0,,,,.,,,1.0,"DUD, D6",2000
00IN03629,1999046114,A6114,04,A6114,99,1,81,1,30,03,459104,110104,0,,,,2, 95,Y,163,177,0,,93,1028,M,,,1.0,SOLD = DUD,2000
00IN03630,1999046115,A6115,04,A6115,99,1,81,1,30,03,459104,110104,0,,,,2, 98,Y,151,170,0,,92,0921,M,,,1.0,,2000
00IN03631,1999046117,A6117,04,A6117,99,1,88,1,30,41-,444104,372104,7,,,,3,Nax,Y,192,207,0,,93,0812,.,,,1.0,BAD R EYE,2000
00IN03632,1999046122,A6122,04,A6122,99,2,88,1,30,43-,439504,446804,7,,,,2, 90,5,147,151,1,,92,0921,.,,,1.0,,2000
00IN03633,1999046124,A6124,04,A6124,99,1,82,1,30,21,285404,183304,0,,,,3,,Y,117,146,0,,93,0812,C,,,1.0,"X, LUNGS",2000
00IN03634,1999046126,A6126,04,A6126,99,2,82,1,30,23,409504,426704,0,,,,O,OVX,5,131,156,1,X,,,C,,,1.0,"?BRED, OVX",2000
00IN03635,1999046130,A6130,04,A6130,99,2,82,1,30,29,441404,449604,0,,,,O,OVX,5,137,160,2,X,,,C,,,1.0,OVX,2000
00IN03636,1999046132,A6132,04,A6132,99,2,82,1,30,31,448704,968103,0,,,,6,SAV,2,104,0,0,,05,0608,C,,,1.0,MASTITIS 6/8,2000
00IN03637,1999046134,A6134,04,A6134,99,1,82,1,30,31,448704,968103,0,,,,3,,Y,145,158,0,,93,0812,C,,,1.0,,2000
00IN03638,1999046138,A6138,04,A6138,99,2,82,1,30,22,317604,329304,0,,,,1,,1,122,139,2,,,,C,26,2,1.0,,2000
00IN03639,1999046140,A6140,04,A6140,99,1,82,1,30,22,317604,329304,0,,,,1,,Y,148,179,0,,,,C,,,1.0,,2000
00IN03640,1999046141,A6141,04,A6141,99,2,88,1,30,45-,467804,370804,7,,,,3,GXE,2,125,125,12,,93,1002,.,,,1.0,,2000
00IN03641,1999046146,A6146,04,A6146,99,2,81,1,30,04,452804,074304,0,,,,1,,1,146,155,2,,,,M,01,2,1.0,,2000
00IN03642,1999046175,A6175,04,A6175,99,2,82,1,30,25,412504,361904,0,,,,1,,2,113,124,2,,,,C,27,2,1.0,,2000
00IN03643,1999046176,A6176,04,A6176,99,2,82,1,30,25,412504,361904,0,,,,2, 89,1,117,125,2,,92,0921,C,,,1.0,,2000
00IN03644,1999046178,A6178,04,A6178,99,1,81,1,30,02,307904,088404,0,,,,3,,Y,131,158,0,,93,0812,M,,,1.0,,2000
00IN03645,1999046180,A6180,04,A6180,99,2,82,1,30,28,424704,343704,0,,,,1,,1,139,154,2,,,,C,29,2,1.0,,2000
00IN03646,1999046198,A6198,04,A6198,99,1,81,1,30,02,307904,433804,0,,,,1,,Y,159,178,0,,,,M,,,1.0,,2000
00IN03647,1999046203,A6203,04,A6203,99,2,88,1,30,42-,372404,477704,7,,,,2, 92,5,120,134,1,,92,0921,.,,,1.0,"Pg,late",2000
00IN03648,1999046208,A6208,04,A6208,99,2,88,1,30,45-,467804,492504,7,,,,2, 89,1,115,126,2,,92,0921,.,,,1.0,,2000
00IN03649,1999046211,A6211,04,A6211,99,2,82,1,30,24,431004,192004,0,,,,1,,1,137,138,2,,,,C,28,2,1.0,,2000
00IN03650,1999046212,A6212,04,A6212,99,2,82,1,30,21,285404,208404,0,,,,1,,2,112,130,2,,,,C,30,2,1.0,,2000
00IN03651,1999046216,A6216,04,A6216,99,1,82,1,30,25,412504,338404,0,,,,1,,Y,164,189,0,,,,C,,,1.0,,2000
00IN03652,1999046217,A6217,04,A6217,99,1,82,1,30,25,412504,338404,0,,,,3,,Y,150,191,0,,93,0812,C,,,1.0,"SM.TSTS,R.EYE",2000
00IN03653,1999046220,A6220,04,A6220,99,1,82,1,30,27,457404,076804,0,,,,1,,Y,151,174,0,,,,C,,,1.0,RCVR,2000
00IN03654,1999046223,A6223,04,A6223,99,1,82,1,30,22,317604,719303,0,,,,1,,Y,156,185,0,,,,C,,,1.0,DUD,2000
00IN03655,1999046225,A6225,04,A6225,99,1,82,1,30,31,448704,120504,0,,,,1,,Y,158,174,0,,,,C,,,1.0,"DUD, D6",2000
00IN03656,1999046226,A6226,04,A6226,99,2,81,1,30,01,425404,297004,0,,,,1,,2,149,149,2,,,,M,02,2,1.0,,2000
00IN03657,1999046233,A6233,04,A6233,99,2,88,1,30,e.8,432804,571104,0,,,,1,,2,125,148,2,,,,C,56,2,1.0,,2000
00IN03658,1999046235,A6235,04,A6235,99,2,88,1,30,44-,367804,385704,7,,,,1,GXE,1,114,133,2,,,,.,54,2,1.0,,2000
00IN03659,1999046238,A6238,04,A6238,99,2,82,1,30,30,420604,468604,0,,,,1,,1,142,138,2,,,,C,31,2,1.0,,2000
00IN03660,1999046239,A6239,04,A6239,99,2,82,1,30,30,420604,468604,0,,,,2, 88,1,118,127,2,,92,0921,C,,,1.0,,2000
00IN03661,1999046240,A6240,04,A6240,99,2,88,1,30,45-,467804,447704,7,,,,6,GXE,2,139,0,0,,32,0524,.,,,1.0,,2000
00IN03662,1999046254,A6254,04,A6254,99,2,88,1,30,43-,439504,484804,7,,,,1,GXE,1,137,138,2,,,,.,51,2,1.0,,2000
00IN03663,1999046255,A6255,04,A6255,99,3,00,1,30,44-,367804,273304,1,,,,3,BLK,5,140,168,1,B,93,1002,.,,,1.0,BLACK wether,2000
00IN03664,1999046257,A6257,04,A6257,99,2,88,1,30,44-,367804,273304,7,,,,1,GXE,1,139,137,2,,,,.,51,2,1.0,,2000
00IN03665,1999046265,A6265,04,A6265,99,2,82,1,30,20,345304,182804,0,,,,1,,1,145,135,2,,,,C,21,2,1.0,,2000
00IN03666,1999046267,A6267,04,A6267,99,1,82,1,30,21,285404,693903,0,,,,3,,Y,131,149,0,,93,0812,C,,,1.0,H3,2000
00IN03667,1999046273,A6273,04,A6273,99,3,00,1,33,.0.,000063,413304,0,,,,3,,*,0,0,0,,93,0110,M,,,1.0,T,2000
00IN03668,1999046282,A6282,04,A6282,99,1,88,1,30,42-,372404,367004,7,,,,1,Nax,Y,187,208,0,U,93,1219,.,,,1.0,,2000
00IN03669,1999046285,A6285,04,A6285,99,2,81,1,30,02,307904,287304,0,,,,1,,1,135,138,4,,,,M,43,2,1.0,,2000
00IN03670,1999046295,A6295,04,A6295,99,2,88,1,30,44-,367804,057004,7,,,,1,GXE,5,144,178,2,,,,.,55,2,1.0,HAIRY,2000
00IN03671,1999046300,A6300,04,A6300,99,2,82,1,30,23,409504,358704,0,,,,1,,2,114,118,2,,,,C,20,2,1.0,HAIRY,2000
00IN03672,1999046302,A6302,04,A6302,99,1,82,1,30,26,417104,228604,0,,,,2,LIB,Y,152,192,0,,,,C,,,1.0,DUD,2000
00IN03673,1999046306,A6306,04,A6306,99,2,81,1,30,02,307904,343204,0,,,,1,,2,139,137,2,,,,M,03,2,1.0,,2000
00IN03674,1999046310,A6310,04,A6310,99,2,81,1,30,01,425404,437804,0,,,,1,,2,145,141,2,,,,M,04,2,1.0,,2000
00IN03675,1999046318,A6318,04,A6318,99,2,81,1,30,02,307904,334304,0,,,,U,SAV,5,156,174,1,,,,M,U,A,1.0,TIGHT TEATS,2000
00IN03676,1999046323,A6323,04,A6323,99,2,88,1,30,45-,467804,335704,7,,,,1,GXE,1,141,139,2,,,,.,53,2,1.0,,2000
00IN03677,1999046327,A6327,04,A6327,99,1,81,1,30,04,452804,467504,0,,,,1,,Y,149,174,0,,,,M,,,1.0,not DUD,2000
00IN03678,1999046334,A6334,04,A6334,99,2,00,1,30,42-,372404,383404,1,,,,1,BLK,1,115,121,2,B,,,.,04,2,1.0,BLACK EWE,2000
00IN03679,1999046335,A6335,04,A6335,99,2,88,1,30,42-,372404,383404,7,,,,1,GXE,1,134,141,2,,,,.,54,2,1.0,TRT EYES '00,2000
00IN03680,1999046338,A6338,04,A6338,99,2,82,1,30,26,417104,776903,0,,,,1,,1,128,130,2,,,,C,41,2,1.0,,2000
00IN03681,1999046341,A6341,04,A6341,99,2,81,1,30,03,459104,997903,0,,,,1,,2,123,121,2,,,,M,01,2,1.0,,2000
00IN03682,1999046342,A6342,04,A6342,99,2,81,1,30,03,459104,997903,0,,,,1,,1,113,124,2,,,,M,02,2,1.0,,2000
00IN03683,1999046348,A6348,04,A6348,99,2,88,1,30,42-,372404,185004,7,,,,O,OVX,5,139,166,1,X,,,.,,,1.0,"?BRED, OVX",2000
00IN03684,1999046349,A6349,04,A6349,99,1,88,1,30,42-,372404,185004,7,,,,6,Nax,*,0,0,0,,01,0101,.,,,1.0,MSG 2/23/00,2000
00IN03685,1999046350,A6350,04,A6350,99,1,82,1,30,25,412504,143904,0,,,,2,LIB,Y,172,203,0,,,,C,,,1.0,"NICEctrl, DUD",2000
00IN03686,1999046353,A6353,04,A6353,99,1,82,1,30,30,420604,317804,0,,,,1,,Y,154,178,0,U,93,1219,C,,,1.0,,2000
00IN03687,1999046355,A6355,04,A6355,99,2,82,1,30,30,420604,317804,0,,,,1,,1,111,121,2,,,,C,22,2,1.0,,2000
00IN03688,1999046363,A6363,04,A6363,99,2,81,1,30,03,459104,070404,0,,,,2, 86,1,127,148,2,,92,0921,M,,,1.0,,2000
00IN03689,1999046365,A6365,04,A6365,99,1,81,1,30,03,459104,070404,0,,,,2, 96,Y,134,159,0,,92,0921,M,,,1.0,,2000
00IN03690,1999046377,A6377,04,A6377,99,2,88,1,30,41-,444104,272104,7,,,,2, 85,2,136,136,2,,92,0921,.,,,1.0,,2000
00IN03691,1999046379,A6379,04,A6379,99,2,88,1,30,44-,367804,489404,7,,,,1,GXE,1,124,151,2,,,,.,56,2,1.0,ENTR,2000
00IN03692,1999046382,A6382,04,A6382,99,2,88,1,30,44-,367804,473204,7,,,,6,GXE,*,0,0,0,,16,0410,.,,,1.0,"DEAD, BLOAT",2000
00IN03693,1999046401,A6401,04,A6401,99,2,82,1,30,29,441404,348904,0,,,,O,OVX,5,120,154,1,X,,,C,,,1.0,OVX,2000
00IN03694,1999046405,A6405,04,A6405,99,1,81,1,30,02,307904,451004,0,,,,3,,Y,123,147,0,,93,0812,M,,,1.0,,2000
00IN03695,1999046414,A6414,04,A6414,99,2,82,1,30,26,417104,076104,0,,,,1,,2,152,134,2,,,,C,23,2,1.0,,2000
00IN03696,1999046419,A6419,04,A6419,99,2,81,1,30,03,459104,346404,0,,,,1,,1,140,137,2,,,,M,04,2,1.0,,2000
00IN03697,1999046432,A6432,04,A6432,99,2,81,1,30,01,425404,338804,0,,,,3,,H,137,147,12,,93,1002,M,,,1.0,VAG.PROLAPSE,2000
00IN03698,1999046433,A6433,04,A6433,99,1,81,1,30,01,425404,338804,0,,,,1,,Y,187,212,0,,,,M,,,1.0,DUD,2000
00IN03699,1999046434,A6434,04,A6434,99,2,88,1,30,42-,372404,388104,7,,,,3,GXE,1,141,133,12,,93,1002,.,,,1.0,,2000
00IN03700,1999046435,A6435,04,A6435,99,2,88,1,30,42-,372404,388104,7,,,,1,GXE,1,141,147,5,,,,.,53,2,1.0,,2000
00IN03701,1999046437,A6437,04,A6437,99,2,81,1,30,02,307904,216204,0,,,,O,OVX,5,145,175,1,X,,,M,,,1.0,OVX,2000
00IN03702,1999046441,A6441,04,A6441,99,2,88,1,30,43-,439504,823003,7,,,,1,GXE,1,150,156,2,,,,.,51,2,1.0,4TEATS,2000
00IN03703,1999046443,A6443,04,A6443,99,2,82,1,30,27,457404,311304,0,,,,O,OVX,5,117,156,1,X,,,C,,,1.0,OVX,2000
00IN03704,1999046444,A6444,04,A6444,99,2,82,1,30,27,457404,311304,0,,,,1,,1,136,136,2,,,,C,42,2,1.0,4TEATS,2000
00IN03705,1999046454,A6454,04,A6454,99,2,82,1,30,22,317604,296104,0,,,,1,,1,122,126,2,,,,C,24,2,1.0,4TEATS,2000
00IN03706,1999046473,A6473,04,A6473,99,2,82,1,30,29,441404,316104,0,,,,O,OVX,5,124,147,1,X,,,C,,,1.0,OVX,2000
00IN03707,1999046479,A6479,04,A6479,99,2,88,1,30,41-,444104,156304,7,,,,1,GXE,2,132,137,2,,,,.,51,2,1.0,4TEATS,2000
00IN03708,1999046482,A6482,04,A6482,99,2,88,1,30,41-,444104,266904,7,,,,1,GXE,2,113,127,2,,,,.,52,2,1.0,4TEATS,2000
00IN03709,1999046493,A6493,04,A6493,99,2,82,1,30,21,285404,355304,0,,,,1,,1,88,106,2,,,,C,25,2,1.0,,2000
00IN03710,1999046497,A6497,04,A6497,99,2,82,1,30,24,431004,220204,0,,,,1,,2,110,109,2,,,,C,26,2,1.0,NO COLOR,2000
00IN03711,1999046498,A6498,04,A6498,99,2,82,1,30,24,431004,220204,0,,,,1,,1,107,122,2,,,,C,27,2,1.0,ENTR,2000
00IN03712,1999046501,A6501,04,A6501,99,1,82,1,30,29,441404,872503,0,,,,1,,Y,148,167,0,,,,C,,,1.0,,2000
00IN03713,1999046505,A6505,04,A6505,99,1,81,1,30,02,307904,456204,0,,,,3,,Y,122,145,0,,93,0812,M,,,1.0,,2000
00IN03714,1999046514,A6514,04,A6514,99,2,88,1,30,42-,372404,269004,7,,,,1,GXE,1,159,148,2,,,,.,43,2,1.0,,2000
00IN03715,1999046529,A6529,04,A6529,99,1,88,1,30,44-,367804,491804,7,,,,1,Nax,Y,140,167,0,,,,.,,,1.0,not DUD,2000
00IN03716,1999046539,A6539,04,A6539,99,2,88,1,30,42-,372404,491304,7,,,,2, 88,2,123,135,2,,92,0921,.,,,1.0,4TEATS,2000
00IN03717,1999046541,A6541,04,A6541,99,1,81,1,30,03,459104,252304,0,,,,1,,Y,172,184,0,,,,M,,,1.0,DUD,2000
00IN03718,1999046542,A6542,04,A6542,99,2,81,1,30,03,459104,252304,0,,,,1,,1,123,135,2,,,,M,01,2,1.0,,2000
00IN03719,1999046543,A6543,04,A6543,99,2,81,1,30,03,459104,252304,0,,,,2, 87,2,100,114,2,,92,0921,M,,,1.0,,2000
00IN03720,1999046554,A6554,04,A6554,99,2,81,1,30,01,425404,191804,0,,,,O,OVX,5,144,172,2,X,,,M,,,1.0,OVX,2000
00IN03721,1999046555,A6555,04,A6555,99,2,81,1,30,01,425404,191804,0,,,,1,,3,124,123,2,,,,M,41,2,1.0,,2000
00IN03722,1999046557,A6557,04,A6557,99,2,82,1,30,27,457404,193604,0,,,,O,OVX,5,126,147,1,X,,,C,,,1.0,OVX,2000
00IN03723,1999046558,A6558,04,A6558,99,1,82,1,30,27,457404,193604,0,,,,1,,Y,157,172,0,,93,1030,C,,,1.0,POOR SEMEN,2000
00IN03724,1999046560,A6560,04,A6560,99,1,82,1,30,23,409504,359004,0,,,,3,,Y,104,139,0,,93,0812,C,,,1.0,RUNT,2000
00IN03725,1999046563,A6563,04,A6563,99,1,81,1,30,03,459104,434304,0,,,,1,,Y,145,163,0,,,,M,,,1.0,DUD,2000
00IN03726,1999046565,A6565,04,A6565,99,2,81,1,30,02,307904,080704,0,,,,1,,1,169,177,2,,,,M,03,2,1.0,,2000
00IN03727,1999046566,A6566,04,A6566,99,2,81,1,30,02,307904,080704,0,,,,1,,2,148,158,2,,,,M,04,2,1.0,NICE,2000
00IN03728,1999046567,A6567,04,A6567,99,2,81,1,30,03,459104,353304,0,,,,O,OVX,5,118,154,1,X,,,M,,,1.0,OVX,2000
00IN03729,1999046588,A6588,04,A6588,99,2,82,1,30,28,424704,077404,0,,,,1,,2,136,133,2,,,,C,42,2,1.0,,2000
00IN03730,1999046589,A6589,04,A6589,99,2,82,1,30,28,424704,077404,0,,,,1,,2,116,121,2,,,,C,29,2,1.0,4TEATS,2000
00IN03731,1999046599,A6599,04,A6599,99,1,82,1,30,21,285404,988403,0,,,,1,,Y,160,190,0,,,,C,,,1.0,,2000
00IN03732,1999046600,A6600,04,A6600,99,2,82,1,30,21,285404,988403,0,,,,1,,2,107,114,2,,,,C,28,2,1.0,,2000
00IN03733,1999046607,A6607,04,A6607,99,2,88,1,30,43-,439504,383604,7,,,,1,GXE,5,134,161,1,,,,.,43,2,1.0,,2000
00IN03734,1999046608,A6608,04,A6608,99,2,88,1,30,43-,439504,383604,7,,,,1,GXE,1,160,151,2,,,,.,51,2,1.0,,2000
00IN03735,1999046617,A6617,04,A6617,99,2,81,1,30,01,425404,229204,0,,,,1,,1,146,137,2,,,,M,02,2,1.0,,2000
00IN03736,1999046618,A6618,04,A6618,99,2,81,1,30,01,425404,229204,0,,,,1,,2,137,138,2,,,,M,03,2,1.0,,2000
00IN03737,1999046624,A6624,04,A6624,99,2,88,1,30,41-,444104,447804,7,,,,2, 88,2,113,128,2,,92,0921,.,,,1.0,,2000
00IN03738,1999046627,A6627,04,A6627,99,1,88,1,30,41-,444104,369404,7,,,,1,Nax,Y,141,167,0,,,,.,,,1.0,,2000
00IN03739,1999046628,A6628,04,A6628,99,2,82,1,30,26,417104,340004,0,,,,1,,1,120,135,2,,,,C,30,2,1.0,,2000
00IN03740,1999046632,A6632,04,A6632,99,1,88,1,30,42-,372404,275804,7,,,,1,Nax,Y,162,158,0,,,,.,,,1.0,,2000
00IN03741,1999046640,A6640,04,A6640,99,2,88,1,30,43-,439504,387804,7,,,,1,GXE,1,143,155,2,,,,.,51,2,1.0,,2000
00IN03742,1999046641,A6641,04,A6641,99,1,88,1,30,43-,439504,387804,7,,,,1,Nax,Y,146,177,0,,,,.,,,1.0,not DUD,2000
00IN03743,1999046643,A6643,04,A6643,99,2,88,1,30,41-,444104,356504,7,,,,1,GXE,2,122,137,2,,,,.,54,2,1.0,4TEATS,2000
00IN03744,1999046647,A6647,04,A6647,99,1,81,1,30,01,425404,101404,0,,,,3,,Y,181,199,0,,93,0812,M,,,1.0,"X, LUNGS",2000
00IN03745,1999046655,A6655,04,A6655,99,1,82,1,30,31,448704,284604,0,,,,1,,Y,144,163,0,,,,C,,,1.0,DUD,2000
00IN03746,1999046656,A6656,04,A6656,99,2,82,1,30,31,448704,284604,0,,,,1,,2,117,137,2,,,,C,20,2,1.0,4TEATS,2000
00IN03747,1999046664,A6664,04,A6664,99,1,82,1,30,20,345304,287704,0,,,,1,,Y,177,194,0,,,,C,,,1.0,"DUD, D6+",2000
00IN03748,1999046666,A6666,04,A6666,99,2,82,1,30,26,417104,144904,0,,,,1,,1,132,137,2,,,,C,31,2,1.0,,2000
00IN03749,1999046667,A6667,04,A6667,99,1,88,1,30,44-,367804,349704,7,,,,1,Nax,Y,157,178,0,,,,.,,,1.0,,2000
00IN03750,1999046668,A6668,04,A6668,99,2,88,1,30,44-,367804,349704,7,,,,1,GXE,1,132,141,2,,,,.,51,2,1.0,,2000
00IN03751,1999046672,A6672,04,A6672,99,1,88,1,30,41-,444104,035504,7,,,,1,Nax,Y,162,188,0,,,,.,,,1.0,,2000
00IN03752,1999046673,A6673,04,A6673,99,2,88,1,30,41-,444104,035504,7,,,,1,GXE,1,155,163,2,,,,.,55,2,1.0,4TEATS,2000
00IN03753,1999046675,A6675,04,A6675,99,2,81,1,30,04,452804,452404,0,,,,2, 88,2,126,129,2,,92,0921,M,,,1.0,,2000
00IN03754,1999046678,A6678,04,A6678,99,2,88,1,30,41-,444104,376704,7,,,,1,GXE,1,130,147,2,,,,.,52,2,1.0,,2000
00IN03755,1999046679,A6679,04,A6679,99,1,88,1,30,41-,444104,376704,7,,,,6,Nax,Y,147,0,0,,16,0710,.,,,1.0,"DEAD,DITCH",2000
00IN03756,1999046680,A6680,04,A6680,99,1,88,1,30,41-,444104,376704,7,,,,1,Nax,Y,146,184,0,,,,.,,,1.0,,2000
00IN03757,1999046685,A6685,04,A6685,99,2,88,1,30,43-,439504,491704,7,,,,U,GXE,H,135,147,1,,,,.,U,A,1.0,VAG.PROLAPSE,2000
00IN03758,1999046686,A6686,04,A6686,99,2,81,1,30,04,452804,139704,0,,,,1,,1,137,147,2,,,,M,01,2,1.0,,2000
00IN03759,1999046687,A6687,04,A6687,99,1,81,1,30,04,452804,139704,0,,,,1,,Y,161,176,0,,,,M,,,1.0,DUD,2000
00IN03760,1999046688,A6688,04,A6688,99,2,81,1,30,02,307904,290804,0,,,,O,OVX,5,146,175,1,X,,,M,,,1.0,OVX,2000
00IN03761,1999046695,A6695,04,A6695,99,2,88,1,30,45-,467804,223704,7,,,,2, 85,1,137,147,2,,92,0921,.,,,1.0,,2000
00IN03762,1999046697,A6697,04,A6697,99,2,88,1,30,45-,467804,223704,7,,,,1,GXE,2,148,138,2,,,,.,41,2,1.0,,2000
00IN03763,1999046708,A6708,04,A6708,99,2,88,1,30,42-,372404,474004,7,,,,1,GXE,2,118,119,2,,,,.,52,2,1.0,,2000
00IN03764,1999046720,A6720,04,A6720,99,2,81,1,30,02,307904,102404,0,,,,1,SAV,1,158,164,2,,,,M,03,2,1.0,,2000
00IN03765,1999046722,A6722,04,A6722,99,2,81,1,30,03,459104,910203,0,,,,1,,1,137,146,2,,,,M,04,2,1.0,,2000
00IN03766,1999046723,A6723,04,A6723,99,2,81,1,30,03,459104,910203,0,,,,1,,1,143,147,2,,,,M,42,2,1.0,4TEATS,2000
00IN03767,1999046724,A6724,04,A6724,99,2,81,1,30,04,452804,926703,0,,,,1,,1,153,162,2,,,,M,02,2,1.0,JUMPER,2000
00IN03768,1999046726,A6726,04,A6726,99,2,88,1,30,43-,439504,271804,7,,,,1,GXE,2,165,151,2,,,,.,52,2,1.0,PNEU,2000
00IN03769,1999046731,A6731,04,A6731,99,2,82,1,30,22,317604,133104,0,,,,6,,2,123,0,0,,04,0517,C,,,1.0,DEAD 5/17/00,2000
00IN03770,1999046732,A6732,04,A6732,99,2,82,1,30,22,317604,133104,0,,,,1,,2,99,116,2,,,,C,21,2,1.0,4TEATS,2000
00IN03771,1999046734,A6734,04,A6734,99,2,88,1,30,45-,467804,387504,7,,,,1,GXE,1,119,126,2,,,,.,41,2,1.0,,2000
00IN03772,1999046735,A6735,04,A6735,99,1,88,1,30,45-,467804,387504,7,,,,1,Nax,Y,142,155,0,,,,.,,,1.0,,2000
00IN03773,1999046738,A6738,04,A6738,99,1,88,1,30,45-,467804,356104,7,,,,1,Nax,Y,148,167,0,,,,.,,,1.0,"DUD, D6",2000
00IN03774,1999046744,A6744,04,A6744,99,1,82,1,30,30,420604,415004,0,,,,3,,Y,157,176,0,,93,0812,C,,,1.0,TRT L.EYE PPG,2000
00IN03775,1999046746,A6746,04,A6746,99,2,88,1,30,44-,367804,475604,7,,,,1,GXE,2,138,150,2,,,,.,43,2,1.0,,2000
00IN03776,1999046747,A6747,04,A6747,99,2,88,1,30,41-,444104,476904,7,,,,1,GXE,2,111,125,2,,,,.,55,2,1.0,4TEATS,2000
00IN03777,1999046748,A6748,04,A6748,99,2,82,1,30,25,412504,465304,0,,,,1,SAV,2,125,132,2,,,,C,22,2,1.0,,2000
00IN03778,1999046753,A6753,04,A6753,99,2,81,1,30,04,452804,288504,0,,,,2, 86,2,161,167,2,,92,0921,M,,,1.0,,2000
00IN03779,1999046759,A6759,04,A6759,99,1,82,1,30,26,417104,363704,0,,,,1,,Y,163,195,0,,,,C,,,1.0,DUD,2000
00IN03780,1999046760,A6760,04,A6760,99,2,81,1,30,01,425404,283904,0,,,,1,,1,117,133,2,,,,M,02,2,1.0,,2000
00IN03781,1999046761,A6761,04,A6761,99,1,81,1,30,01,425404,283904,0,,,,1,,Y,142,179,0,,,,M,,,1.0,,2000
00IN03782,1999046762,A6762,04,A6762,99,2,81,1,30,01,425404,283904,0,,,,2, 90,5,126,160,1,,92,0921,M,,,1.0,NR BRITCHY,2000
00IN03783,1999046768,A6768,04,A6768,99,1,82,1,30,24,431004,444904,0,,,,3,,*,0,0,0,X,93,0306,C,,,1.0,"X, EPI",2000
00IN03784,1999046769,A6769,04,A6769,99,2,82,1,30,24,431004,444904,0,,,,1,,1,108,125,2,,,,C,23,2,1.0,,2000
00IN03785,1999046795,A6795,04,A6795,99,2,82,1,30,25,412504,192704,0,,,,1,,2,122,127,2,,,,C,24,2,1.0,,2000
00IN03786,1999046796,A6796,04,A6796,99,2,88,1,30,43-,439504,357604,7,,,,1,GXE,5,148,168,1,,,,.,54,2,1.0,,2000
00IN03787,1999046801,A6801,04,A6801,99,2,88,1,30,41-,444104,387604,7,,,,2, 89,2,114,117,2,,92,0921,.,,,1.0,4TEATS,2000
00IN03788,1999046802,A6802,04,A6802,99,2,81,1,30,04,452804,331804,0,,,,1,,1,159,152,2,,,,M,01,2,1.0,,2000
00IN03789,1999046803,A6803,04,A6803,99,2,81,1,30,04,452804,331804,0,,,,1,,1,129,146,2,,,,M,03,2,1.0,,2000
00IN03790,1999046816,A6816,04,A6816,99,2,88,1,30,43-,439504,480304,7,,,,1,GXE,5,139,166,1,,,,.,42,2,1.0,,2000
00IN03791,1999046824,A6824,04,A6824,99,2,82,1,30,20,345304,354604,0,,,,2, 87,1,101,116,2,,92,0921,C,,,1.0,4TEATS,2000
00IN03792,1999046825,A6825,04,A6825,99,2,82,1,30,20,345304,354604,0,,,,1,SAV,2,109,117,2,,,,C,25,2,1.0,,2000
00IN03793,1999046827,A6827,04,A6827,99,1,88,1,30,43-,439504,375204,7,,,,1,Nax,Y,154,171,0,,,,.,,,1.0,not DUD,2000
00IN03794,1999046828,A6828,04,A6828,99,1,88,1,30,43-,439504,375204,7,,,,1,Nax,Y,149,179,0,,,,.,,,1.0,,2000
00IN03795,1999046831,A6831,04,A6831,99,2,88,1,30,41-,444104,481604,7,,,,2, 92,2,134,131,6,,92,0921,.,,,1.0,4TEATS,2000
00IN03796,1999046839,A6839,04,A6839,99,2,88,1,30,44-,367804,447304,7,,,,2, 89,2,115,124,2,,92,0921,.,,,1.0,,2000
00IN03797,1999046842,A6842,04,A6842,99,1,82,1,30,20,345304,420704,0,,,,1,,Y,138,167,0,,,,C,,,1.0,DUD,2000
00IN03798,1999046845,A6845,04,A6845,99,2,82,1,30,20,345304,208304,0,,,,1,,2,131,149,2,,,,C,43,2,1.0,,2000
00IN03799,1999046846,A6846,04,A6846,99,2,81,1,30,02,307904,319804,0,,,,2, 90,5,139,166,1,,92,0921,M,,,1.0,NR DRY,2000
00IN03800,1999046849,A6849,04,A6849,99,2,88,1,30,44-,367804,424104,7,,,,1,GXE,2,130,138,2,,,,.,52,2,1.0,,2000
00IN03801,1999046853,A6853,04,A6853,99,1,81,1,30,01,425404,110304,0,,,,1,,Y,186,207,0,,,,M,,,1.0,PNEU,2000
00IN03802,1999046854,A6854,04,A6854,99,2,81,1,30,01,425404,110304,0,,,,1,,2,140,147,2,,,,M,04,2,1.0,,2000
00IN03803,1999046855,A6855,04,A6855,99,2,81,1,30,01,425404,110304,0,,,,3,,1,164,150,12,,93,1002,M,,,1.0,BLUEBAG X,2000
00IN03804,1999046863,A6863,04,A6863,99,1,82,1,30,23,409504,012004,0,,,,1,,Y,158,172,0,,,,C,,,1.0,"RCVR, DUD",2000
00IN03805,1999046864,A6864,04,A6864,99,1,81,1,30,04,452804,204904,0,,,,1,,Y,157,190,0,,,,M,,,1.0,"L.EYE, DUD",2000
00IN03806,1999046879,A6879,04,A6879,99,2,81,1,30,04,452804,314504,0,,,,1,,2,129,128,2,,,,M,01,2,1.0,,2000
00IN03807,1999046880,A6880,04,A6880,99,2,81,1,30,04,452804,314504,0,,,,1,,2,135,146,2,,,,M,41,2,1.0,,2000
00IN03808,1999046885,A6885,04,A6885,99,2,82,1,30,23,409504,291904,0,,,,1,,2,132,148,2,,,,C,26,2,1.0,,2000
00IN03809,1999046887,A6887,04,A6887,99,1,88,1,30,42-,372404,396904,7,,,,1,Nax,Y,161,186,0,,,,.,,,1.0,COARSE,2000
00IN03810,1999046889,A6889,04,A6889,99,1,82,1,30,24,431004,754403,0,,,,1,,Y,120,147,0,,,,C,,,1.0,DUD,2000
00IN03811,1999046898,A6898,04,A6898,99,2,88,1,30,41-,444104,486704,7,,,,1,GXE,2,117,113,2,,,,.,51,2,1.0,4TEATS,2000
00IN03812,1999046902,A6902,04,A6902,99,2,82,1,30,21,285404,328004,0,,,,1,SAV,1,113,130,2,,,,C,27,2,1.0,,2000
00IN03813,1999046906,A6906,04,A6906,99,2,81,1,30,01,425404,085804,0,,,,1,,2,150,157,2,,,,M,02,2,1.0,,2000
00IN03814,1999046907,A6907,04,A6907,99,2,81,1,30,01,425404,085804,0,,,,1,,1,134,148,2,,,,M,03,2,1.0,,2000
00IN03815,1999046908,A6908,04,A6908,99,2,81,1,30,01,425404,085804,0,,,,U,,2,158,158,11,,,,M,U,A,1.0,,2000
00IN03816,1999046911,A6911,04,A6911,99,1,88,1,30,45-,467804,378804,7,,,,1,Nax,Y,161,194,0,,,,.,,,1.0,not DUD,2000
00IN03817,1999046922,A6922,04,A6922,99,2,82,1,30,21,285404,126704,0,,,,O,OVX,5,118,146,1,X,,,C,,,1.0,OVX,2000
00IN03818,1999046925,A6925,04,A6925,99,1,82,1,30,29,441404,253904,0,,,,1,,Y,124,152,0,,,,C,,,1.0,,2000
00IN03819,1999046928,A6928,04,A6928,99,1,82,1,30,28,424704,150304,0,,,,1,,Y,160,188,0,,,,C,,,1.0,"DUD, D6+",2000
00IN03820,1999046930,A6930,04,A6930,99,1,82,1,30,28,424704,150304,0,,,,1,,Y,175,204,0,,,,C,,,1.0,,2000
00IN03821,1999046931,A6931,04,A6931,99,2,88,1,30,43-,439504,153104,7,,,,1,GXE,1,161,156,2,,,,.,54,2,1.0,,2000
00IN03822,1999046933,A6933,04,A6933,99,2,81,1,30,03,459104,452304,0,,,,2, 92,5,145,137,1,,92,0921,M,,,1.0,NR BRITCHY,2000
00IN03823,1999046934,A6934,04,A6934,99,1,81,1,30,03,459104,452304,0,,,,1,,Y,171,192,0,,,,M,,,1.0,H2,2000
00IN03824,1999046940,A6940,04,A6940,99,2,88,1,30,43-,439504,354104,7,,,,2, 90,5,128,154,1,,92,0921,.,,,1.0,,2000
00IN03825,1999046943,A6943,04,A6943,99,2,82,1,30,23,409504,135804,0,,,,1,,1,158,149,2,,,,C,28,2,1.0,,2000
00IN03826,1999046945,A6945,04,A6945,99,1,81,1,30,01,425404,225704,0,,,,2, 94,Y,174,214,0,,92,0921,M,,,1.0,"NICE, JAW3",2000
00IN03827,1999046947,A6947,04,A6947,99,2,82,1,30,30,420604,206604,0,,,,1,,1,118,129,2,,,,C,29,2,1.0,,2000
00IN03828,1999046949,A6949,04,A6949,99,2,88,1,30,43-,439504,261404,7,,,,1,GXE,2,127,130,2,,,,.,42,2,1.0,RP ok,2000
00IN03829,1999046951,A6951,04,A6951,99,1,81,1,30,01,425404,996603,0,,,,3,,Y,173,187,0,,93,0812,M,,,1.0,"X,H2, JAW6 bo",2000
00IN03830,1999046952,A6952,04,A6952,99,1,81,1,30,01,425404,996603,0,,,,2,LIB,Y,151,173,0,,,,M,,,1.0,NICE DUD,2000
00IN03831,1999046964,A6964,04,A6964,99,1,81,1,30,02,307904,352604,0,,,,1,,Y,158,185,0,,,,M,,,1.0,DUD,2000
00IN03832,1999046966,A6966,04,A6966,99,2,81,1,30,02,307904,357004,0,,,,1,,2,110,119,2,,,,M,43,2,1.0,,2000
00IN03833,1999046969,A6969,04,A6969,99,1,81,1,30,04,452804,324804,0,,,,3,,Y,151,185,0,,93,0812,M,,,1.0,"H4, X",2000
00IN03834,1999046970,A6970,04,A6970,99,1,81,1,30,04,452804,324804,0,,,,1,,Y,151,171,0,,,,M,,,1.0,DUD,2000
00IN03835,1999046994,A6994,04,A6994,99,1,82,1,30,30,420604,454304,0,,,,1,,Y,173,193,0,,,,C,,,1.0,,2000
00IN03836,1999046995,A6995,04,A6995,99,2,88,1,30,43-,439504,474304,7,,,,7,GXE,2,143,0,0,,97,0915,.,,,1.0,,2000
00IN03837,1999046998,A6998,04,A6998,99,1,82,1,30,25,412504,771203,0,,,,1,,Y,151,180,0,,,,C,,,1.0,"sale2000, DUD",2000
00IN03838,1999046999,A6999,04,A6999,99,2,82,1,30,25,412504,771203,0,,,,1,,1,130,125,2,,,,C,30,2,1.0,RP ok,2000
00IN03839,1999047004,A7004,04,A7004,99,1,88,1,30,43-,439504,275904,7,,,,1,Nax,Y,158,171,0,,,,.,,,1.0,,2000
00IN03840,1999047008,A7008,04,A7008,99,2,81,1,30,01,425404,355104,0,,,,1,,2,133,135,2,,,,M,41,2,1.0,,2000
00IN03841,1999047009,A7009,04,A7009,99,2,81,1,30,01,425404,355104,0,,,,1,,2,109,124,2,,,,M,04,2,1.0,,2000
00IN03842,1999047010,A7010,04,A7010,99,2,88,1,30,43-,439504,452604,7,,,,1,GXE,2,136,142,2,,,,.,52,2,1.0,,2000
00IN03843,1999047016,A7016,04,A7016,99,2,82,1,30,28,424704,468404,0,,,,1,,1,128,149,2,,,,C,31,2,1.0,,2000
00IN03844,1999640606,K0606,64,K0606,99,2,00,1,05,54,999263,883063,0,,CN,,3,CPG,*,0,0,0,,93,0203,H,,,1.0,,2000
00IN03845,1999640615,K0615,64,K0615,99,2,00,1,05,54,999263,987963,0,,CC,,1,,H,150,176,1,,,,H,54,1,1.0,4TEATS,2000
00IN03846,1999640619,K0619,64,K0619,99,2,68,1,06,01-,009300,778763,7,,,,1,GXE,5,156,183,1,,,,.,06,1,1.0,"Pg,late",2000
00IN03847,1999640622,K0622,64,K0622,99,1,68,1,06,01-,009300,986063,7,,,,2,LIB,Y,193,218,0,,,,.,,,1.0,DUD,2000
00IN03848,1999640625,K0625,64,K0625,99,2,00,1,05,e10,973863,047164,0,,CC,,U,,1,150,159,2,,,,H,U,A,1.0,VAG.PROLAPSE,2000
00IN03849,1999640626,K0626,64,K0626,99,1,68,1,06,05-,946463,617263,7,,,,3,GXE,*,0,0,0,X,93,0306,.,,,1.0,"X, EPI",2000
00IN03850,1999640629,K0629,64,K0629,99,2,00,1,05,52,928663,879063,0,,CN,,3,CPG,*,0,0,0,,93,0203,H,,,1.0,,2000
00IN03851,1999640630,K0630,64,K0630,99,2,00,1,05,52,928663,898963,0,,CC,,1,,5,126,165,1,,,,H,55,1,1.0,,2000
00IN03852,1999640637,K0637,64,K0637,99,2,00,1,05,54,999263,985063,0,,CC,,1,,2,138,132,2,,,,H,54,1,1.0,,2000
00IN03853,1999640638,K0638,64,K0638,99,1,00,1,05,54,999263,985063,0,,CC,,3,,Y,157,184,0,,93,0812,H,,,1.0,JAW 4 so,2000
00IN03854,1999640641,K0641,64,K0641,99,2,68,1,06,02-,013100,894163,7,,,,1,GXE,1,190,180,2,,,,.,07,1,1.0,ENTR,2000
00IN03855,1999640642,K0642,64,K0642,99,2,68,1,06,02-,013100,795563,7,,,,1,GXE,2,162,170,2,,,,.,08,1,1.0,"PNEU,4TEATS",2000
00IN03856,1999640643,K0643,64,K0643,99,2,68,1,06,02-,013100,795563,7,,,,1,GXE,2,179,182,1,,,,.,09,1,1.0,PRETTY,2000
00IN03857,1999640644,K0644,64,K0644,99,2,68,1,06,03-,968963,783263,7,,,,1,GXE,5,138,161,1,,,,.,04,1,1.0,4TEATS,2000
00IN03858,1999640646,K0646,64,K0646,99,1,00,1,05,52,928663,889663,0,,CC,,1,,Y,189,206,0,,,,H,,,1.0,DUD,2000
00IN03859,1999640649,K0649,64,K0649,99,1,68,1,06,02-,013100,986463,7,,,,1,GXE,Y,201,238,0,,,,.,,,1.0,,2000
00IN03860,1999640655,K0655,64,K0655,99,2,68,1,06,05-,946463,867863,7,,,,1,GXE,1,156,152,2,,,,.,05,1,1.0,,2000
00IN03861,1999640660,K0660,64,K0660,99,3,00,1,05,53,964363,723763,0,,CN,,3,CPG,*,0,0,0,,93,0203,H,,,1.0,ENTR,2000
00IN03862,1999640661,K0661,64,K0661,99,1,68,1,06,03-,968963,729263,7,,,,2,LIB,Y,197,221,0,U,93,1219,.,,,1.0,DUD,2000
00IN03863,1999640662,K0662,64,K0662,99,2,00,1,05,54,999263,938063,0,,CC,,1,,2,150,148,2,,,,H,54,1,1.0,LUNGS ??,2000
00IN03864,1999640665,K0665,64,K0665,99,2,68,1,06,03-,968963,594163,7,,,,1,GXE,5,156,181,1,,,,.,01,1,1.0,,2000
00IN03865,1999640666,K0666,64,K0666,99,2,68,1,06,02-,013100,588663,7,,,,1,GXE,5,160,182,1,,,,.,06,1,1.0,4TEATS,2000
00IN03866,1999640673,K0673,64,K0673,99,2,68,1,06,04-,966063,636463,7,,,,1,GXE,1,164,167,2,,,,.,02,1,1.0,JUMPER,2000
00IN03867,1999640675,K0675,64,K0675,99,1,68,1,06,04-,966063,980563,7,,,,2,121,Y,181,218,0,,92,0921,.,,,1.0,,2000
00IN03868,1999640677,K0677,64,K0677,99,2,68,1,06,05-,946463,810763,7,,,,1,GXE,2,129,130,2,,,,.,03,1,1.0,,2000
00IN03869,1999640682,K0682,64,K0682,99,1,68,1,06,06-,988463,668863,7,,,,3,GXE,Y,159,195,0,,93,0812,.,,,1.0,,2000
00IN03870,1999640688,K0688,64,K0688,99,3,68,1,06,03-,968963,612363,7,,,,3,GXE,*,0,0,0,,93,0110,.,,,1.0,T,2000
00IN03871,1999640689,K0689,64,K0689,99,1,68,1,06,03-,968963,612363,7,,,,2,122,Y,162,202,0,,92,0921,.,,,1.0,,2000
00IN03872,1999640693,K0693,64,K0693,99,1,68,1,06,03-,968963,967463,7,,,,3,GXE,Y,165,205,0,,93,0812,.,,,1.0,,2000
00IN03873,1999640694,K0694,64,K0694,99,1,00,1,05,51,876263,364710,0,,CN,,1,,Y,188,222,0,,,,H,,,1.0,FOUND 11/3/00,2000
00IN03874,1999640695,K0695,64,K0695,99,2,00,1,05,51,876263,667663,0,,CN,,1,,2,144,149,2,,,,H,55,1,1.0,CHUNKY,2000
00IN03875,1999640697,K0697,64,K0697,99,2,68,1,06,01-,009300,852663,7,,,,1,GXE,5,153,167,1,,,,.,07,1,1.0,4TEATS,2000
00IN03876,1999640701,K0701,64,K0701,99,2,68,1,06,06-,988463,808963,7,,,,2, 51,5,134,148,1,,92,0921,.,,,1.0,4TEATS,2000
00IN03877,1999640706,K0706,64,K0706,99,2,68,1,06,02-,013100,806463,7,,,,1,GXE,2,156,161,2,,,,.,08,1,1.0,F2,2000
00IN03878,1999640707,K0707,64,K0707,99,2,68,1,06,02-,013100,806463,7,,,,1,GXE,5,143,168,1,,,,.,09,1,1.0,4TEATS,2000
00IN03879,1999640710,K0710,64,K0710,99,1,68,1,06,04-,966063,597263,7,,,,3,  X,Y,190,218,0,,93,1002,.,,,1.0,"JAW5, SM.TSTS",2000
00IN03880,1999640711,K0711,64,K0711,99,2,68,1,06,04-,966063,597263,7,,,,1,GXE,1,160,154,2,,,,.,04,1,1.0,,2000
00IN03881,1999640712,K0712,64,K0712,99,2,68,1,06,05-,946463,726363,7,,,,1,GXE,1,157,167,2,,,,.,05,1,1.0,,2000
00IN03882,1999640713,K0713,64,K0713,99,2,68,1,06,05-,946463,726363,7,,,,1,GXE,1,161,166,2,,,,.,01,1,1.0,,2000
00IN03883,1999640714,K0714,64,K0714,99,1,68,1,06,05-,946463,726363,7,,,,1,GXE,Y,203,238,0,,,,.,,,1.0,,2000
00IN03884,1999640718,K0718,64,K0718,99,2,68,1,06,02-,013100,690063,7,,,,1,GXE,2,181,170,2,,,,.,06,1,1.0,,2000
00IN03885,1999640719,K0719,64,K0719,99,2,68,1,06,01-,009300,930863,7,,,,1,GXE,5,156,181,1,,,,.,07,1,1.0,4TEATS,2000
00IN03886,1999640720,K0720,64,K0720,99,2,68,1,06,01-,009300,930863,7,,,,1,GXE,5,162,184,1,,,,.,08,1,1.0,,2000
00IN03887,1999640722,K0722,64,K0722,99,1,00,1,05,51,876263,932863,0,,CN,,1,,Y,145,175,0,,,,H,,,1.0,,2000
00IN03888,1999640723,K0723,64,K0723,99,2,68,1,06,06-,988463,880863,7,,,,1,GXE,2,155,169,2,,,,.,02,1,1.0,,2000
00IN03889,1999640724,K0724,64,K0724,99,2,68,1,06,04-,966063,907263,7,,,,1,GXE,1,166,167,2,,,,.,03,1,1.0,,2000
00IN03890,1999640728,K0728,64,K0728,99,2,00,1,05,54,999263,952963,0,,CC,,1,,2,134,136,1,,,,H,54,1,1.0,BIG,2000
00IN03891,1999640732,K0732,64,K0732,99,2,68,1,06,05-,946463,851763,7,,,,1,GXE,2,158,162,2,,,,.,04,1,1.0,,2000
00IN03892,1999640733,K0733,64,K0733,99,1,68,1,06,05-,946463,851763,7,,,,3,LIB,Y,166,193,0,X,76,1206,.,,,1.0,DUD,2000
00IN03893,1999640735,K0735,64,K0735,99,2,68,1,06,06-,988463,818163,7,,,,1,GXE,5,141,162,1,,,,.,05,1,1.0,,2000
00IN03894,1999640737,K0737,64,K0737,99,1,68,1,06,03-,968963,690463,7,,,,2,LIB,Y,191,202,0,,,,.,,,1.0,DUD,2000
00IN03895,1999640740,K0740,64,K0740,99,1,68,1,06,05-,946463,667963,7,,,,3,GXE,Y,164,196,0,,93,0812,.,,,1.0,DIGR:54,2000
00IN03896,1999640748,K0748,64,K0748,99,1,68,1,06,02-,013100,843363,7,,,,2,LIB,Y,222,230,0,,,,.,,,1.0,DUD,2000
00IN03897,1999640755,K0755,64,K0755,99,1,68,1,06,05-,946463,970363,7,,,,1,GXE,Y,204,213,0,,,,.,,,1.0,"BIG, DUD",2000
00IN03898,1999640756,K0756,64,K0756,99,2,68,1,06,04-,966063,691763,7,,,,1,GXE,2,176,167,2,,,,.,01,1,1.0,,2000
00IN03899,1999640757,K0757,64,K0757,99,2,68,1,06,04-,966063,691763,7,,,,1,GXE,2,172,172,2,,,,.,02,1,1.0,,2000
00IN03900,1999640759,K0759,64,K0759,99,2,68,1,06,05-,946463,644763,7,,,,1,GXE,2,165,166,2,,,,.,03,1,1.0,HAIRY,2000
00IN03901,1999640764,K0764,64,K0764,99,2,68,1,06,01-,009300,962963,7,,,,1,GXE,2,145,142,2,,,,.,09,1,1.0,"ENTR,4TEATS",2000
00IN03902,1999640766,K0766,64,K0766,99,1,00,1,05,53,964363,932163,0,,CC,,3,,Y,146,164,0,,93,0812,H,,,1.0,"X,SIZE",2000
00IN03903,1999640768,K0768,64,K0768,99,2,68,1,06,04-,966063,705963,7,,,,1,GXE,1,152,162,2,,,,.,04,1,1.0,,2000
00IN03904,1999640769,K0769,64,K0769,99,2,68,1,06,01-,009300,685963,7,,,,1,GXE,5,136,160,1,,,,.,06,1,1.0,"GOITER,SEV.",2000
00IN03905,1999640771,K0771,64,K0771,99,1,00,1,05,51,876263,970663,0,,CC,,1,,Y,170,185,0,,,,H,,,1.0,DUD,2000
00IN03906,1999640772,K0772,64,K0772,99,2,00,1,05,51,876263,970663,0,,CC,,1,,5,159,177,1,,,,H,54,1,1.0,4TEATS,2000
00IN03907,1999640773,K0773,64,K0773,99,1,00,1,05,54,999263,983363,0,,CC,,1,,Y,174,198,0,,,,H,,,1.0,,2000
00IN03908,1999640782,K0782,64,K0782,99,1,00,1,05,52,928663,894663,0,,CC,,1,,Y,184,211,0,,,,H,,,1.0,4TEATS,2000
00IN03909,1999640786,K0786,64,K0786,99,2,68,1,06,04-,966063,752963,7,,,,1,GXE,1,172,167,2,,,,.,05,1,1.0,,2000
00IN03910,1999640787,K0787,64,K0787,99,2,68,1,06,04-,966063,752963,7,,,,1,GXE,2,150,156,2,,,,.,09,1,1.0,,2000
00IN03911,1999640788,K0788,64,K0788,99,2,00,1,05,51,876263,675363,0,,CN,,3,CPG,*,0,0,0,,93,0203,H,,,1.0,,2000
00IN03912,1999640791,K0791,64,K0791,99,1,68,1,06,03-,968963,960563,7,,,,1,GXE,Y,195,222,0,,,,.,,,1.0,,2000
00IN03913,1999640800,K0800,64,K0800,99,2,68,1,06,06-,988463,803463,7,,,,1,GXE,2,135,152,2,,,,.,02,1,1.0,,2000
00IN03914,1999640801,K0801,64,K0801,99,1,68,1,06,06-,988463,803463,7,,,,1,GXE,Y,176,201,0,,,,.,,,1.0,DUD,2000
00IN03915,1999640803,K0803,64,K0803,99,2,00,1,05,53,964363,887963,0,,CN,,3,CPG,*,0,0,0,,93,0203,H,,,1.0,ENTR,2000
00IN03916,1999640804,K0804,64,K0804,99,1,68,1,06,01-,009300,715963,7,,,,1,GXE,Y,212,246,0,,,,.,,,1.0,DUD,2000
00IN03917,1999640806,K0806,64,K0806,99,3,68,1,06,06-,988463,968363,7,,,,3,GXE,*,0,0,0,,93,0110,.,,,1.0,T,2000
00IN03918,1999640807,K0807,64,K0807,99,2,68,1,06,01-,009300,696463,7,,,,1,GXE,5,157,194,1,,,,.,07,1,1.0,,2000
00IN03919,1999640809,K0809,64,K0809,99,2,68,1,06,05-,946463,695563,7,,,,1,GXE,2,154,149,2,,,,.,03,1,1.0,4TEATS,2000
00IN03920,1999640812,K0812,64,K0812,99,2,68,1,06,04-,966063,873563,7,,,,1,GXE,1,179,177,2,,,,.,04,1,1.0,,2000
00IN03921,1999640814,K0814,64,K0814,99,1,68,1,06,04-,966063,784463,7,,,,1,GXE,Y,201,233,0,,,,.,,,1.0,,2000
00IN03922,1999640820,K0820,64,K0820,99,2,68,1,06,03-,968963,748263,7,,,,1,GXE,5,156,176,1,,,,.,05,1,1.0,4TEATS,2000
00IN03923,1999640824,K0824,64,K0824,99,1,00,1,05,52,928663,862363,0,,CC,,1,,Y,184,216,0,,,,H,,,1.0,,2000
00IN03924,1999640825,K0825,64,K0825,99,1,00,1,05,52,928663,862363,0,,CC,,1,,Y,184,215,0,,,,H,,,1.0,DUD,2000
00IN03925,1999640828,K0828,64,K0828,99,2,68,1,06,02-,013100,910763,7,,,,1,GXE,5,158,184,1,,,,.,08,1,1.0,4TEATS,2000
00IN03926,1999640829,K0829,64,K0829,99,2,68,1,06,02-,013100,910763,7,,,,1,GXE,3,179,164,2,,,,.,09,1,1.0,,2000
00IN03927,1999640831,K0831,64,K0831,99,2,00,1,05,52,928663,991963,0,,CC,,1,,1,126,132,2,,,,H,55,1,1.0,,2000
00IN03928,1999640837,K0837,64,K0837,99,2,00,1,05,e10,973863,039564,0,,CC,,1,,1,141,147,2,,,,H,55,1,1.0,DYSTOCIA ok,2000
00IN03929,1999640844,K0844,64,K0844,99,2,68,1,06,03-,968963,635463,7,,,,1,GXE,1,145,152,2,,,,.,01,1,1.0,4TEATS,2000
00IN03930,1999640846,K0846,64,K0846,99,1,00,1,05,54,999263,903263,0,,CC,,3,,Y,132,161,0,,93,0812,H,,,1.0,FEMININE,2000
00IN03931,1999640847,K0847,64,K0847,99,2,00,1,05,54,999263,903263,0,,CC,,1,,2,146,143,2,,,,H,54,1,1.0,"ENTR,4TEATS",2000
00IN03932,1999640848,K0848,64,K0848,99,2,68,1,06,04-,966063,612863,7,,,,1,GXE,5,142,176,1,,,,.,02,1,1.0,,2000
00IN03933,1999640849,K0849,64,K0849,99,1,68,1,06,04-,966063,612863,7,,,,2,119,Y,196,216,0,,92,0921,.,,,1.0,HAIRY,2000
00IN03934,1999640852,K0852,64,K0852,99,2,68,1,06,06-,988463,977363,7,,,,1,GXE,2,167,152,2,,,,.,03,1,1.0,"ABS.JAW, DRY",2000
00IN03935,1999640853,K0853,64,K0853,99,2,68,1,06,04-,966063,961563,7,,,,1,GXE,5,162,183,1,,,,.,04,1,1.0,ENTR,2000
00IN03936,1999640858,K0858,64,K0858,99,2,00,1,05,51,876263,394110,0,,CC,,1,,5,158,180,1,,,,H,54,1,1.0,4TEATS,2000
00IN03937,1999640864,K0864,64,K0864,99,1,68,1,06,02-,013100,928563,7,,,,1,GXE,Y,223,244,0,,,,.,,,1.0,DUD,2000
00IN03938,1999640866,K0866,64,K0866,99,1,68,1,06,06-,988463,756363,7,,,,1,GXE,Y,188,205,0,,,,.,,,1.0,,2000
00IN03939,1999640870,K0870,64,K0870,99,2,68,1,06,05-,946463,734863,7,,,,1,GXE,2,165,158,2,,,,.,05,1,1.0,4TEATS,2000
00IN03940,1999640871,K0871,64,K0871,99,2,68,1,06,05-,946463,734863,7,,,,1,GXE,1,152,160,2,,,,.,06,1,1.0,,2000
00IN03941,1999640873,K0873,64,K0873,99,1,68,1,06,02-,013100,957563,7,,,,3,GXE,Y,165,187,0,,93,0812,.,,,1.0,4TEATS,2000
00IN03942,1999640878,K0878,64,K0878,99,2,00,1,05,e10,973863,001764,0,,CC,,1,,2,146,144,2,,,,H,55,1,1.0,,2000
00IN03943,1999640890,K0890,64,K0890,99,2,68,1,06,01-,009300,588463,7,,,,2, 50,5,138,183,1,,92,0921,.,,,1.0,,2000
00IN03944,1999640894,K0894,64,K0894,99,2,00,1,05,51,876263,897263,0,,CC,,1,,2,126,133,2,,,,H,55,1,1.0,,2000
00IN03945,1999640896,K0896,64,K0896,99,1,68,1,06,05-,946463,681663,7,,,,2,120,Y,190,206,0,,92,0921,.,,,1.0,,2000
00IN03946,1999640898,K0898,64,K0898,99,1,68,1,06,04-,966063,679563,7,,,,6,GXE,*,0,0,0,,19,0117,.,,,1.0,MSG 2/23/00,2000
00IN03947,1999640900,K0900,64,K0900,99,2,68,1,06,03-,968963,812763,7,,,,1,GXE,2,165,151,2,,,,.,07,1,1.0,"ENTR,4TEATS",2000
00IN03948,1999640902,K0902,64,K0902,99,1,68,1,06,03-,968963,899963,7,,,,2,118,Y,186,219,0,,92,0921,.,,,1.0,4TEATS,2000
00IN03949,1999640905,K0905,64,K0905,99,1,68,1,06,04-,966063,869863,7,,,,1,GXE,Y,231,260,0,,,,.,,,1.0,"adg1.000,DUD",2000
00IN03950,1999640906,K0906,64,K0906,99,1,68,1,06,04-,966063,869863,7,,,,1,GXE,Y,234,258,0,,,,.,,,1.0,"RCVR, DUD",2000
00IN03951,1999640907,K0907,64,K0907,99,2,68,1,06,04-,966063,774363,7,,,,6,GXE,1,171,0,0,,04,0602,.,,,1.0,4TEATS,2000
00IN03952,1999640908,K0908,64,K0908,99,2,00,1,05,53,964363,908463,0,,CC,,1,,1,156,146,2,,,,H,55,1,1.0,HAIRY,2000
00IN03953,1999640911,K0911,64,K0911,99,2,00,1,05,54,999263,967763,0,,CC,,1,,2,118,118,2,,,,H,54,1,1.0,4TEATS,2000
00IN03954,1999640920,K0920,64,K0920,99,1,68,1,06,06-,988463,929063,7,,,,1,GXE,Y,189,218,0,,,,.,,,1.0,,2000
00IN03955,1999640922,K0922,64,K0922,99,1,00,1,05,51,876263,956663,0,,CC,,3,,Y,208,245,0,,93,0812,H,,,1.0,"H4,BAD EYE",2000
00IN03956,1999640925,K0925,64,K0925,99,2,00,1,05,52,928663,891263,0,,CN,,3,CPG,*,0,0,0,,93,0203,H,,,1.0,4TEATS,2000
00IN03957,1999640928,K0928,64,K0928,99,1,00,1,05,53,964363,894563,0,,CN,,1,,Y,174,198,0,,,,H,,,1.0,DUD,2000
00IN03958,1999640930,K0930,64,K0930,99,2,68,1,06,03-,968963,775563,7,,,,1,GXE,5,139,171,1,,,,.,08,1,1.0,4TEATS,2000
00IN03959,1999640932,K0932,64,K0932,99,2,00,1,05,51,876263,983463,0,,CC,,1,,5,124,161,1,,,,H,54,1,1.0,,2000
00IN03960,1999640936,K0936,64,K0936,99,1,00,1,05,51,876263,928763,0,,CC,,1,,Y,187,209,0,,93,1030,H,,,1.0,POOR SEMEN,2000
00IN03961,1999640937,K0937,64,K0937,99,1,00,1,05,51,876263,928763,0,,CC,,1,,Y,156,174,0,,,,H,,,1.0,,2000
00IN03962,1999640942,K0942,64,K0942,99,1,68,1,06,01-,009300,805363,7,,,,1,GXE,Y,200,220,0,,,,.,,,1.0,"BUCKtwin,DUD",2000
00IN03963,1999640943,K0943,64,K0943,99,1,68,1,06,01-,009300,805363,7,,,,1,GXE,Y,222,255,0,,,,.,,,1.0,"BUCKtwin,DUD",2000
00IN03964,1999640946,K0946,64,K0946,99,2,68,1,06,06-,988463,738763,7,,,,1,GXE,3,153,139,2,,,,.,01,1,1.0,,2000
00IN03965,1999640947,K0947,64,K0947,99,2,68,1,06,06-,988463,738763,7,,,,7,GXE,2,168,0,0,,97,0915,.,,,1.0,4TEATS,2000
00IN03966,1999640949,K0949,64,K0949,99,1,00,1,05,e10,973863,027064,0,,CC,,1,,Y,169,196,0,,,,H,,,1.0,"H4, DUD",2000
00IN03967,1999640952,K0952,64,K0952,99,1,68,1,06,05-,946463,776763,7,,,,3,GXE,Y,187,206,0,,93,0812,.,,,1.0,,2000
00IN03968,1999640953,K0953,64,K0953,99,1,68,1,06,05-,946463,776763,7,,,,1,GXE,Y,198,230,0,,93,1030,.,,,1.0,BLOODY SEMEN,2000
00IN03969,1999640954,K0954,64,K0954,99,1,68,1,06,02-,013100,812363,7,,,,3,GXE,M,198,237,0,,93,0812,.,,,1.0,,2000
00IN03970,1999640960,K0960,64,K0960,99,2,00,1,05,53,964363,699063,0,,CC,,1,,1,108,125,2,,,,H,55,1,1.0,DYSTOCIA ok,2000
00IN03971,1999640970,K0970,64,K0970,99,1,68,1,06,01-,009300,890063,7,,,,1,GXE,Y,185,221,0,,97,1004,.,,,1.0,,2000
00IN03972,1999640971,K0971,64,K0971,99,2,68,1,06,03-,968963,824563,7,,,,1,GXE,2,124,134,2,,,,.,02,1,1.0,,2000
00IN03973,1999640972,K0972,64,K0972,99,2,68,1,06,03-,968963,824563,7,,,,1,GXE,5,136,167,1,,,,.,01,1,1.0,,2000
00IN03974,1999640983,K0983,64,K0983,99,2,00,1,05,51,876263,924963,0,,CC,,1,,2,139,131,2,,,,H,55,1,1.0,RAT,2000
00IN03975,1999640985,K0985,64,K0985,99,2,68,1,06,02-,013100,768663,7,,,,1,GXE,2,176,159,2,,,,.,06,1,1.0,"ENTR,4TEATS",2000
00IN03976,1999640989,K0989,64,K0989,99,2,68,1,06,01-,009300,741263,7,,,,1,GXE,5,165,175,1,,,,.,07,1,1.0,,2000
00IN03977,1999640997,K0997,64,K0997,99,1,68,1,06,03-,968963,672663,7,,,,1,GXE,Y,191,216,0,,,,.,,,1.0,DUD,2000
00IN03978,1999640999,K0999,64,K0999,99,1,68,1,06,01-,009300,623863,7,,,,2,117,Y,201,225,0,,92,0921,.,,,1.0,SLI,2000
00IN03979,1999641002,K1002,64,K1002,99,2,68,1,06,02-,013100,704163,7,,,,1,GXE,5,147,160,1,,,,.,08,1,1.0,"ENTR,4TEATS",2000
00IN03980,1999641006,K1006,64,K1006,99,2,00,1,05,e10,973863,019664,0,,CC,,1,,2,133,133,1,,,,H,55,1,1.0,,2000
00IN03981,1999641020,K1020,64,K1020,99,2,00,1,05,e10,973863,009164,0,,CC,,1,,2,116,117,2,,,,H,55,1,1.0,,2000
00IN03982,1999110010,R0010,11,R0010,99,1,12,1,43,84,784710,525410,0,,,,6,,*,0,0,0,,54,0314,C,,,1.0,,2000
00IN03983,1999110011,R0011,11,R0011,99,2,11,1,07,12,787410,293410,0,,,,1,,2,120,125,2,,,,R,11,1,1.0,,2000
00IN03984,1999110012,R0012,11,R0012,99,1,11,1,07,12,787410,293410,0,,,,1,,Y,142,171,0,,,,R,,,1.0,,2000
00IN03985,1999110013,R0013,11,R0013,99,1,10,1,07,22,815210,774210,0,,,,3,,Y,150,165,0,,93,0812,M,,,1.0,NICE,2000
00IN03986,1999110015,R0015,11,R0015,99,2,10,1,07,23,804310,794010,0,,,,2, 75,2,136,136,2,,92,0921,M,,,1.0,,2000
00IN03987,1999110018,R0018,11,R0018,99,2,12,1,43,88,862210,794710,0,,,,1,,3,120,117,2,,,,C,85,1,1.0,4TEATS,2000
00IN03988,1999110025,R0025,11,R0025,99,2,13,1,43,33,809810,787310,0,,,,2, 72,5,118,149,1,,92,0921,F,,,1.0,WRINKLES,2000
00IN03989,1999110026,R0026,11,R0026,99,1,12,1,07,82,777710,464010,0,,,,2,LIB,Y,166,190,0,,,,C,,,1.0,"NICEctrl, DUD",2000
00IN03990,1999110029,R0029,11,R0029,99,1,11,1,07,13,780810,819410,0,,,,1,,Y,169,187,0,,,,R,,,1.0,,2000
00IN03991,1999110036,R0036,11,R0036,99,1,11,1,07,11,822410,844310,0,,,,3,LIB,Y,155,186,0,X,,,R,,,1.0,DUD,2000
00IN03992,1999110037,R0037,11,R0037,99,2,11,1,07,14,844210,695110,0,,,,1,,1,137,142,2,,,,R,12,1,1.0,4TEATS,2000
00IN03993,1999110042,R0042,11,R0042,99,2,13,1,07,33,809810,565510,0,,,,1,,2,116,119,1,,,,F,31,1,1.0,ENTR,2000
00IN03994,1999110044,R0044,11,R0044,99,1,10,1,07,22,815210,843810,0,,,,1,,Y,196,223,0,,,,M,,,1.0,DUD,2000
00IN03995,1999110045,R0045,11,R0045,99,2,10,1,07,22,815210,843810,0,,,,1,,1,150,155,2,,,,M,23,1,1.0,,2000
00IN03996,1999110046,R0046,11,R0046,99,1,13,1,43,31,784210,822210,0,,,,3,,Y,157,181,0,,93,0812,F,,,1.0,PNEUMOTHORAX,2000
00IN03997,1999110047,R0047,11,R0047,99,1,13,1,43,33,809810,681510,0,,,,1,,Y,169,179,0,,,,F,,,1.0,,2000
00IN03998,1999110050,R0050,11,R0050,99,2,10,1,43,23,804310,692110,0,,,,1,,1,120,127,1,,,,M,24,1,1.0,4TEATS,2000
00IN03999,1999110053,R0053,11,R0053,99,1,10,1,07,23,804310,730410,0,,,,1,,Y,183,201,0,,,,M,,,1.0,DUD,2000
00IN04000,1999110054,R0054,11,R0054,99,2,10,1,07,23,804310,730410,0,,,,1,,1,132,136,2,,,,M,21,1,1.0,,2000
00IN04001,1999110060,R0060,11,R0060,99,1,12,1,43,83,805910,605810,0,,,,1,,Y,175,195,0,,,,C,,,1.0,H7,2000
00IN04002,1999110070,R0070,11,R0070,99,3,13,1,43,34,800810,590810,0,,,,3,,*,0,0,0,,93,0110,F,,,1.0,T,2000
00IN04003,1999110071,R0071,11,R0071,99,1,11,1,07,11,822410,832610,0,,,,3,,Y,120,151,0,,93,0812,R,,,1.0,"R.TAIL, EPI?",2000
00IN04004,1999110072,R0072,11,R0072,99,2,11,1,07,11,822410,832610,0,,,,2, 72,5,116,152,1,,92,0921,R,,,1.0,"ENTR,GAUNT",2000
00IN04005,1999110074,R0074,11,R0074,99,2,13,1,43,32,878110,471310,0,,,,1,,2,112,128,2,,,,F,33,1,1.0,OFF FEED,2000
00IN04006,1999110075,R0075,11,R0075,99,2,11,1,43,13,780810,261910,0,,,,6,,2,137,0,0,,05,0702,R,,,1.0,BLUEBAG X,2000
00IN04007,1999110080,R0080,11,R0080,99,2,10,1,07,24,799010,318610,0,,,,1,,1,143,142,2,,,,M,23,1,1.0,,2000
00IN04008,1999110082,R0082,11,R0082,99,1,12,1,07,86,789610,778310,0,,,,1,,Y,168,200,0,,,,C,,,1.0,DUD,2000
00IN04009,1999110092,R0092,11,R0092,99,2,11,1,43,14,844210,641310,0,,,,1,,1,149,147,2,,,,R,11,1,1.0,4TEATS,2000
00IN04010,1999110093,R0093,11,R0093,99,2,10,1,07,22,815210,451710,0,,,,2, 75,2,134,131,2,,92,0921,M,,,1.0,,2000
00IN04011,1999110098,R0098,11,R0098,99,2,13,1,07,34,800810,761710,0,,,,1,,5,143,163,1,,,,F,32,1,1.0,,2000
00IN04012,1999110101,R0101,11,R0101,99,1,13,1,07,31,784210,667110,0,,,,2,153,Y,166,183,0,,92,0921,F,,,1.0,,2000
00IN04013,1999110102,R0102,11,R0102,99,2,13,1,07,31,784210,667110,0,,,,2, 74,5,117,138,1,,92,0921,F,,,1.0,,2000
00IN04014,1999110118,R0118,11,R0118,99,1,12,1,07,80,804610,567410,0,,,,1,,Y,169,195,0,,,,C,,,1.0,DUD,2000
00IN04015,1999110119,R0119,11,R0119,99,1,12,1,07,80,804610,567410,0,,,,1,,Y,133,166,0,U,93,1219,C,,,1.0,,2000
00IN04016,1999110125,R0125,11,R0125,99,2,12,1,07,89,857510,439610,0,,NN,,1,,2,106,117,1,,,,C,52,1,1.0,POLYPAY ?,2000
00IN04017,1999110127,R0127,11,R0127,99,1,13,1,43,31,784210,813110,0,,,,1,,Y,184,196,0,,,,F,,,1.0,,2000
00IN04018,1999110130,R0130,11,R0130,99,2,11,1,07,11,822410,776610,0,,,,1,,1,115,125,2,,,,R,12,1,1.0,DYSTOCIA,2000
00IN04019,1999110137,R0137,11,R0137,99,2,11,1,07,11,822410,618310,0,,,,1,,2,134,137,2,,,,R,14,1,1.0,4TEATS,2000
00IN04020,1999110141,R0141,11,R0141,99,2,13,1,07,33,809810,595110,0,,,,1,,1,126,131,2,,,,F,34,1,1.0,,2000
00IN04021,1999110143,R0143,11,R0143,99,2,12,1,07,88,862210,469410,0,,,,1,,2,120,128,2,,,,C,87,1,1.0,,2000
00IN04022,1999110144,R0144,11,R0144,99,2,11,1,07,13,780810,591610,0,,,,1,,1,108,121,1,,,,R,14,1,1.0,4TEATS,2000
00IN04023,1999110146,R0146,11,R0146,99,1,12,1,07,87,826810,578710,0,,,,3,,Y,157,172,0,,93,0812,C,,,1.0,H5,2000
00IN04024,1999110149,R0149,11,R0149,99,2,10,1,07,24,799010,754610,0,,,,2, 70,5,145,166,1,,92,0921,M,,,1.0,,2000
00IN04025,1999110150,R0150,11,R0150,99,1,10,1,07,24,799010,754610,0,,,,2,LIB,Y,176,203,0,,,,M,,,1.0,DUD,2000
00IN04026,1999110152,R0152,11,R0152,99,2,11,1,07,14,844210,484010,0,,,,1,,5,127,164,1,,,,R,11,1,1.0,,2000
00IN04027,1999110156,R0156,11,R0156,99,2,11,1,07,12,787410,785210,0,,,,2, 73,5,118,144,1,,92,0921,R,,,1.0,,2000
00IN04028,1999110161,R0161,11,R0161,99,2,11,1,07,14,844210,455710,0,,,,1,,2,126,137,2,,,,R,12,1,1.0,,2000
00IN04029,1999110167,R0167,11,R0167,99,2,13,1,43,33,809810,758310,0,,NN,,1,,2,132,163,1,,,,F,53,1,1.0,COLUMBIA ?,2000
00IN04030,1999110168,R0168,11,R0168,99,1,13,1,43,33,809810,758310,0,,,,3,LIB,Y,130,162,0,X,,,F,,,1.0,DUD,2000
00IN04031,1999110169,R0169,11,R0169,99,2,13,1,07,33,809810,584510,0,,,,2, 70,5,137,169,1,,92,0921,F,,,1.0,4TEATS,2000
00IN04032,1999110170,R0170,11,R0170,99,2,13,1,07,33,809810,584510,0,,,,1,,1,138,136,1,,,,F,31,1,1.0,DYSTOCIA,2000
00IN04033,1999110177,R0177,11,R0177,99,2,10,1,07,22,815210,603110,0,,,,1,,2,126,143,1,,,,M,24,1,1.0,,2000
00IN04034,1999110178,R0178,11,R0178,99,2,10,1,07,22,815210,603110,0,,,,U,,1,138,153,1,,,,M,U,A,1.0,VAG.PROLAPSE,2000
00IN04035,1999110179,R0179,11,R0179,99,2,10,1,07,22,815210,603110,0,,,,1,,1,141,147,2,,,,M,23,1,1.0,,2000
00IN04036,1999110180,R0180,11,R0180,99,3,13,1,07,31,784210,565110,0,,,,3,,*,0,0,0,,93,0110,F,,,1.0,T,2000
00IN04037,1999110189,R0189,11,R0189,99,2,11,1,07,14,844210,742710,0,,,,2, 71,5,142,159,1,,92,0921,R,,,1.0,"HAIRY,4TEATS",2000
00IN04038,1999110196,R0196,11,R0196,99,1,10,1,07,21,845110,514410,0,,,,2,152,Y,158,196,0,,92,0921,M,,,1.0,BIG,2000
00IN04039,1999110198,R0198,11,R0198,99,3,10,1,07,21,845110,660310,0,,,,3,,*,0,0,0,,93,0110,M,,,1.0,T,2000
00IN04040,1999110203,R0203,11,R0203,99,2,11,1,07,12,787410,694910,0,,,,1,,5,131,153,1,,,,R,13,1,1.0,,2000
00IN04041,1999110204,R0204,11,R0204,99,2,11,1,07,12,787410,694910,0,,,,2, 71,5,140,162,1,,92,0921,R,,,1.0,,2000
00IN04042,1999110207,R0207,11,R0207,99,2,13,1,43,33,809810,664010,0,,,,1,,2,131,134,2,,,,F,32,1,1.0,,2000
00IN04043,1999110211,R0211,11,R0211,99,2,13,1,43,33,809810,815110,0,,,,1,,2,130,128,2,,,,F,34,1,1.0,ENTR,2000
00IN04044,1999110217,R0217,11,R0217,99,2,10,1,07,24,799010,669510,0,,,,1,,2,150,154,2,,,,M,22,1,1.0,ENTR,2000
00IN04045,1999110219,R0219,11,R0219,99,2,13,1,43,33,809810,715410,0,,,,1,,2,125,128,1,,,,F,31,1,1.0,,2000
00IN04046,1999110220,R0220,11,R0220,99,2,12,1,07,80,804610,486510,0,,,,1,,2,108,118,1,,,,C,81,1,1.0,,2000
00IN04047,1999110226,R0226,11,R0226,99,1,12,1,07,90,859510,743010,0,,,,3,,Y,151,177,0,,93,0812,C,,,1.0,PINK,2000
00IN04048,1999110227,R0227,11,R0227,99,2,11,1,07,14,844210,715710,0,,,,1,,5,128,164,1,,,,R,11,1,1.0,4TEATS,2000
00IN04049,1999110229,R0229,11,R0229,99,2,10,1,43,23,804310,862510,0,,,,U,,1,144,142,9,,,,M,U,A,1.0,R.TEAT?,2000
00IN04050,1999110234,R0234,11,R0234,99,1,10,1,07,22,815210,556210,0,,,,2,155,Y,172,201,0,,92,0921,M,,,1.0,,2000
00IN04051,1999110236,R0236,11,R0236,99,2,13,1,07,34,800810,627210,0,,,,1,,5,134,161,1,,,,F,33,1,1.0,,2000
00IN04052,1999110237,R0237,11,R0237,99,2,13,1,07,34,800810,627210,0,,,,2, 74,5,127,142,1,,92,0921,F,,,1.0,JAW4,2000
00IN04053,1999110240,R0240,11,R0240,99,2,12,1,43,85,805910,728510,0,,,,6,,2,141,0,0,,05,0804,C,,,1.0,BLUEBAG 8/4,2000
00IN04054,1999110248,R0248,11,R0248,99,1,11,1,43,11,822410,447810,0,,,,1,,Y,169,187,0,,,,R,,,1.0,,2000
00IN04055,1999110255,R0255,11,R0255,99,2,12,1,43,84,784710,848710,0,,,,1,,3,120,131,2,,,,C,80,1,1.0,4TEATS,2000
00IN04056,1999110258,R0258,11,R0258,99,2,13,1,43,31,784210,703710,0,,,,1,,1,120,128,2,,,,F,32,1,1.0,,2000
00IN04057,1999110259,R0259,11,R0259,99,2,13,1,43,31,784210,703710,0,,,,1,,2,110,118,2,,,,F,33,1,1.0,DYSTOCIA,2000
00IN04058,1999110263,R0263,11,R0263,99,2,13,1,07,34,800810,308610,0,,,,2, 71,5,129,159,1,,92,0921,F,,,1.0,,2000
00IN04059,1999110272,R0272,11,R0272,99,2,10,1,42,23,804310,254410,0,,,,2, 71,5,136,156,1,,92,0921,M,,,1.0,"ENTR,4TEATS",2000
00IN04060,1999110274,R0274,11,R0274,99,3,11,1,43,13,780810,557310,0,,,,3,,*,0,0,0,,93,0110,R,,,1.0,T,2000
00IN04061,1999110275,R0275,11,R0275,99,2,12,1,43,91,848910,737910,0,,,,1,,1,122,145,2,,,,C,82,1,1.0,4TEATS,2000
00IN04062,1999110276,R0276,11,R0276,99,2,12,1,43,91,848910,737910,0,,,,3,,X,0,0,0,,93,0612,C,,,1.0,"VPRO,CSEC",2000
00IN04063,1999110277,R0277,11,R0277,99,2,13,1,07,31,784210,579810,0,,,,2, 73,5,126,144,1,,92,0921,F,,,1.0,,2000
00IN04064,1999110284,R0284,11,R0284,99,1,10,1,07,21,845110,578510,0,,,,3,  X,Y,162,191,0,,93,1002,M,,,1.0,BLOODY URINE,2000
00IN04065,1999110288,R0288,11,R0288,99,2,12,1,43,83,805910,749110,0,,,,1,,2,124,141,1,,,,C,84,1,1.0,,2000
00IN04066,1999110295,R0295,11,R0295,99,2,12,1,07,87,826810,467310,0,,,,2, 74,5,115,137,1,,92,0921,C,,,1.0,,2000
00IN04067,1999110298,R0298,11,R0298,99,2,12,1,07,82,777710,742110,0,,,,1,,1,125,137,2,,,,C,83,1,1.0,,2000
00IN04068,1999110301,R0301,11,R0301,99,2,11,1,07,13,780810,784910,0,,,,2, 75,5,118,131,1,,92,0921,R,,,1.0,,2000
00IN04069,1999110304,R0304,11,R0304,99,1,12,1,07,90,859510,854810,0,,,,1,,Y,168,192,0,,,,C,,,1.0,"JAW 4, DUD",2000
00IN04070,1999110305,R0305,11,R0305,99,1,13,1,07,31,784210,475410,0,,,,1,,Y,149,176,0,,,,F,,,1.0,"F5+, DUD",2000
00IN04071,1999110306,R0306,11,R0306,99,1,13,1,07,31,784210,475410,0,,,,3,,Y,142,169,0,,93,0812,F,,,1.0,,2000
00IN04072,1999110309,R0309,11,R0309,99,1,11,1,07,14,844210,788910,0,,,,3,,Y,160,185,0,,93,0812,R,,,1.0,"UGLY, H4",2000
00IN04073,1999110310,R0310,11,R0310,99,2,11,1,07,12,787410,481010,0,,,,1,,1,125,146,1,,,,R,14,1,1.0,,2000
00IN04074,1999110312,R0312,11,R0312,99,1,13,1,07,34,800810,582710,0,,,,3,  X,Y,172,183,0,,93,1002,F,,,1.0,"F5+, SM.TSTS",2000
00IN04075,1999110313,R0313,11,R0313,99,1,13,1,07,34,800810,582710,0,,,,2,LIB,Y,163,179,0,,,,F,,,1.0,DUD,2000
00IN04076,1999110318,R0318,11,R0318,99,2,11,1,07,11,822410,885110,0,,,,1,,1,135,135,2,,,,R,12,1,1.0,,2000
00IN04077,1999110327,R0327,11,R0327,99,2,10,1,07,23,804310,588710,0,,,,1,,2,149,141,2,,,,M,21,1,1.0,,2000
00IN04078,1999110330,R0330,11,R0330,99,2,12,1,07,82,777710,668110,0,,,,1,,2,125,130,1,,,,C,85,1,1.0,,2000
00IN04079,1999110337,R0337,11,R0337,99,1,10,1,07,21,845110,672410,0,,,,1,,Y,181,204,0,,97,1004,M,,,1.0,4TEATS,2000
00IN04080,1999110338,R0338,11,R0338,99,2,10,1,07,21,845110,672410,0,,,,1,,1,162,173,2,,,,M,22,1,1.0,F3-,2000
00IN04081,1999110339,R0339,11,R0339,99,1,10,1,43,22,815210,574610,0,,,,3,LIB,Y,142,169,0,X,,,M,,,1.0,DUD,2000
00IN04082,1999110340,R0340,11,R0340,99,2,10,1,43,22,815210,574610,0,,,,1,,2,127,135,1,,,,M,23,1,1.0,DYSTOCIA,2000
00IN04083,1999110347,R0347,11,R0347,99,2,12,1,07,80,804610,647710,0,,,,1,,3,142,141,1,,,,C,86,1,1.0,,2000
00IN04084,1999110352,R0352,11,R0352,99,1,10,1,07,24,799010,620810,0,,,,1,,Y,197,222,0,,,,M,,,1.0,DUD,2000
00IN04085,1999110354,R0354,11,R0354,99,1,10,1,43,22,815210,725810,0,,,,2,169,Y,181,204,0,,92,0921,M,,,1.0,,2000
00IN04086,1999110355,R0355,11,R0355,99,1,10,1,43,22,815210,725810,0,,,,1,,M,174,190,0,,,,M,,,1.0,,2000
00IN04087,1999110360,R0360,11,R0360,99,2,13,1,07,33,809810,440310,0,,,,1,,5,158,174,1,,,,F,34,1,1.0,,2000
00IN04088,1999110369,R0369,11,R0369,99,2,13,1,07,33,809810,670310,0,,,,1,,2,106,115,2,,,,F,31,1,1.0,,2000
00IN04089,1999110370,R0370,11,R0370,99,2,13,1,07,31,784210,244410,0,,,,1,,2,107,122,1,,,,F,32,1,1.0,4TEATS,2000
00IN04090,1999110372,R0372,11,R0372,99,1,13,1,07,31,784210,244410,0,,,,3,,Y,146,170,0,,93,0812,F,,,1.0,H4,2000
00IN04091,1999110373,R0373,11,R0373,99,1,11,1,07,13,780810,714810,0,,,,3,,Y,142,177,0,,93,0812,R,,,1.0,1TAG,2000
00IN04092,1999110374,R0374,11,R0374,99,1,11,1,07,13,780810,714810,0,,,,3,,Y,113,140,0,,93,0812,R,,,1.0,RUNT,2000
00IN04093,1999110375,R0375,11,R0375,99,1,11,1,07,11,822410,818010,0,,,,1,,Y,146,166,0,,,,R,,,1.0,DUD,2000
00IN04094,1999110376,R0376,11,R0376,99,1,11,1,07,11,822410,818010,0,,,,3,,Y,116,147,0,,93,0812,R,,,1.0,,2000
00IN04095,1999110386,R0386,11,R0386,99,2,10,1,43,23,804310,754510,0,,,,1,,2,143,147,2,,,,M,24,1,1.0,,2000
00IN04096,1999110387,R0387,11,R0387,99,2,10,1,43,23,804310,754510,0,,,,1,,2,138,146,2,,,,M,21,1,1.0,4TEATS,2000
00IN04097,1999110391,R0391,11,R0391,99,1,13,1,43,33,809810,779010,0,,,,1,,Y,170,188,0,,,,M,,,1.0,"NICE, DUDwrks",2000
00IN04098,1999110394,R0394,11,R0394,99,1,11,1,07,14,844210,471510,0,,,,3,LIB,Y,181,206,0,U,93,1219,R,,,1.0,DUD,2000
00IN04099,1999110399,R0399,11,R0399,99,2,12,1,43,91,848910,513710,0,,,,1,,1,108,133,2,,,,C,87,1,1.0,DYSTOCIA,2000
00IN04100,1999110402,R0402,11,R0402,99,1,12,1,07,88,862210,384810,0,,,,1,,Y,138,170,0,,,,C,,,1.0,,2000
00IN04101,1999110405,R0405,11,R0405,99,1,12,1,07,89,857510,472110,0,,,,6,,Y,173,208,0,,46,0918,C,,,1.0,NICE ctrl,2000
00IN04102,1999110406,R0406,11,R0406,99,2,12,1,07,89,857510,472110,0,,,,2, 70,5,129,164,1,,92,0921,C,,,1.0,,2000
00IN04103,1999110409,R0409,11,R0409,99,2,12,1,07,80,804610,602710,0,,,,2, 75,2,118,129,1,,92,0921,C,,,1.0,,2000
00IN04104,1999110410,R0410,11,R0410,99,1,12,1,43,87,826810,784010,0,,,,1,,Y,138,165,0,,,,C,,,1.0,"DUD, D6",2000
00IN04105,1999110413,R0413,11,R0413,99,1,11,1,07,12,787410,795610,0,,,,2,LIB,Y,153,180,0,,,,R,,,1.0,"DUD, JUMPER",2000
00IN04106,1999110414,R0414,11,R0414,99,1,11,1,07,12,787410,795610,0,,,,1,,Y,144,170,0,,,,R,,,1.0,DUD,2000
00IN04107,1999110415,R0415,11,R0415,99,1,11,1,07,14,844210,497010,0,,,,3,LIB,Y,147,175,0,X,,,R,,,1.0,DUD,2000
00IN04108,1999110416,R0416,11,R0416,99,2,11,1,07,14,844210,497010,0,,,,1,,2,149,146,1,,,,R,13,1,1.0,4TEATS,2000
00IN04109,1999110417,R0417,11,R0417,99,2,10,1,07,22,815210,843310,0,,,,1,,1,140,145,2,,,,M,23,1,1.0,,2000
00IN04110,1999110418,R0418,11,R0418,99,2,10,1,07,22,815210,843310,0,,,,1,,1,127,141,2,,,,M,24,1,1.0,4TEATS,2000
00IN04111,1999110423,R0423,11,R0423,99,2,12,1,43,86,789610,838810,0,,,,1,,2,116,120,1,,,,C,88,1,1.0,,2000
00IN04112,1999110428,R0428,11,R0428,99,2,11,1,07,14,844210,505910,0,,,,1,,1,125,138,1,,,,R,11,1,1.0,4TEATS,2000
00IN04113,1999110434,R0434,11,R0434,99,1,11,1,07,14,844210,792810,0,,,,1,,Y,159,186,0,,,,R,,,1.0,"DUD, HOMO?",2000
00IN04114,1999110435,R0435,11,R0435,99,2,11,1,07,14,844210,792810,0,,,,7,,2,139,0,0,,97,0915,R,,,1.0,4TEATS,2000
00IN04115,1999110438,R0438,11,R0438,99,2,13,1,07,31,784210,583310,0,,,,1,,2,131,130,2,,,,F,33,1,1.0,HAIRY,2000
00IN04116,1999110439,R0439,11,R0439,99,2,12,1,07,90,859510,471710,0,,,,6,,2,120,0,0,,32,0524,C,,,1.0,HAIRY,2000
00IN04117,1999110442,R0442,11,R0442,99,2,12,1,43,86,789610,776310,0,,,,2, 71,5,133,154,1,,92,0921,C,,,1.0,4TEATS,2000
00IN04118,1999110443,R0443,11,R0443,99,2,12,1,43,86,789610,776310,0,,,,2, 72,5,116,149,1,,92,0921,C,,,1.0,,2000
00IN04119,1999110444,R0444,11,R0444,99,2,11,1,07,11,822410,350310,0,,,,1,,2,146,142,2,,,,R,14,1,1.0,,2000
00IN04120,1999110445,R0445,11,R0445,99,2,11,1,07,11,822410,350310,0,,,,1,,1,155,155,2,,,,R,12,1,1.0,,2000
00IN04121,1999110449,R0449,11,R0449,99,1,11,1,07,11,822410,696010,0,,,,2,158,Y,193,214,0,,92,0921,R,,,1.0,,2000
00IN04122,1999110459,R0459,11,R0459,99,2,13,1,07,33,809810,642310,0,,,,1,,2,135,138,2,,,,F,31,1,1.0,E,2000
00IN04123,1999110460,R0460,11,R0460,99,2,12,1,07,85,805910,607310,0,,,,1,,2,134,131,2,,,,C,89,1,1.0,,2000
00IN04124,1999110463,R0463,11,R0463,99,1,11,1,07,13,780810,814510,0,,,,3,LIB,Y,144,173,0,X,,,R,,,1.0,DUD,2000
00IN04125,1999110464,R0464,11,R0464,99,2,13,1,43,32,878110,569110,0,,,,1,,2,148,140,2,,,,F,34,1,1.0,ENTR,2000
00IN04126,1999110467,R0467,11,R0467,99,2,13,1,43,31,784210,464210,0,,,,1,,2,116,136,2,,,,F,32,1,1.0,4TEATS,2000
00IN04127,1999110468,R0468,11,R0468,99,1,10,1,07,21,845110,611010,0,,,,3,,Y,158,197,0,,93,0812,M,,,1.0,"L.TST, SMALL",2000
00IN04128,1999110469,R0469,11,R0469,99,1,10,1,07,21,845110,611010,0,,,,1,,Y,139,177,0,,,,M,,,1.0,DUD,2000
00IN04129,1999110475,R0475,11,R0475,99,1,13,1,43,32,878110,524610,0,,,,1,,Y,179,213,0,,,,F,,,1.0,4TEATS,2000
00IN04130,1999110476,R0476,11,R0476,99,1,13,1,43,32,878110,524610,0,,,,2,LIB,Y,169,197,0,,,,F,,,1.0,DUD,2000
00IN04131,1999110484,R0484,11,R0484,99,2,11,1,43,11,822410,500210,0,,,,1,,1,131,153,1,,,,R,13,1,1.0,PNEU,2000
00IN04132,1999110485,R0485,11,R0485,99,2,13,1,43,32,878110,778510,0,,,,1,,2,125,135,2,,,,F,33,1,1.0,DIARRHEA,2000
00IN04133,1999110486,R0486,11,R0486,99,2,13,1,43,32,878110,778510,0,,,,1,,2,138,137,2,,,,F,34,1,1.0,,2000
00IN04134,1999110489,R0489,11,R0489,99,2,13,1,43,31,784210,696310,0,,,,1,,2,107,113,2,,,,F,32,1,1.0,,2000
00IN04135,1999110492,R0492,11,R0492,99,1,13,1,43,34,800810,743710,0,,,,1,,Y,177,208,0,,,,F,,,1.0,,2000
00IN04136,1999110493,R0493,11,R0493,99,2,12,1,07,90,859510,795010,0,,,,1,,1,135,144,2,,,,C,91,1,1.0,,2000
00IN04137,1999110495,R0495,11,R0495,99,2,10,1,07,21,845110,826310,0,,,,1,SAV,2,139,140,2,,,,M,22,1,1.0,,2000
00IN04138,1999110497,R0497,11,R0497,99,2,11,1,07,12,787410,696510,0,,,,1,,2,121,124,1,,,,R,13,1,1.0,4TEATS,2000
00IN04139,1999110507,R0507,11,R0507,99,1,11,1,07,11,822410,672010,0,,,,3,,Y,144,180,0,,93,0812,R,,,1.0,,2000
00IN04140,1999110514,R0514,11,R0514,99,2,11,1,07,12,787410,555210,0,,,,1,,1,125,136,2,,,,R,11,1,1.0,,2000
00IN04141,1999110515,R0515,11,R0515,99,2,10,1,43,24,799010,473110,0,,,,1,,1,136,143,1,,,,M,21,1,1.0,,2000
00IN04142,1999110516,R0516,11,R0516,99,2,10,1,43,24,799010,473110,0,,,,1,,1,130,137,1,,,,M,22,1,1.0,,2000
00IN04143,1999110519,R0519,11,R0519,99,2,12,1,43,91,848910,629810,1,,NN,,1,,H,155,151,1,,,,C,54,1,1.0,"ENTR,SOPHIA",2000
00IN04144,1999110529,R0529,11,R0529,99,1,10,1,43,23,804310,317410,0,,,,1,,Y,147,175,0,,,,M,,,1.0,"H5,CUT",2000
00IN04145,1999110532,R0532,11,R0532,99,1,12,1,43,85,805910,230610,0,,,,1,,Y,149,171,0,,,,C,,,1.0,,2000
00IN04146,1999110537,R0537,11,R0537,99,2,12,1,43,83,805910,566610,0,,,,1,,2,150,147,1,,,,C,80,1,1.0,,2000
00IN04147,1999110540,R0540,11,R0540,99,2,10,1,07,22,815210,270810,0,,,,1,,1,159,162,2,,,,M,23,1,1.0,,2000
00IN04148,1999110541,R0541,11,R0541,99,2,13,1,43,32,878110,784110,0,,,,1,,5,149,171,1,,,,F,31,1,1.0,HAIRY,2000
00IN04149,1999110547,R0547,11,R0547,99,1,13,1,43,32,878110,610310,0,,,,1,,Y,146,168,0,,,,F,,,1.0,,2000
00IN04150,1999110550,R0550,11,R0550,99,2,12,1,43,84,784710,846910,0,,NN,,1,,5,100,110,1,,,,C,52,1,1.0,4TEATS,2000
00IN04151,1999110554,R0554,11,R0554,99,1,11,1,07,14,844210,846510,0,,,,3,,Y,156,186,0,,93,0812,R,,,1.0,FIX BIG TAG**,2000
00IN04152,1999110555,R0555,11,R0555,99,1,11,1,07,14,844210,846510,0,,,,3,,Y,132,162,0,,93,0812,R,,,1.0,,2000
00IN04153,1999110566,R0566,11,R0566,99,2,12,1,07,90,859510,598910,0,,,,1,SAV,1,110,127,1,,,,C,80,1,1.0,,2000
00IN04154,1999110568,R0568,11,R0568,99,2,13,1,43,34,800810,789310,0,,NN,,1,,5,122,155,1,,,,F,53,1,1.0,BUSHY HEAD,2000
00IN04155,1999110573,R0573,11,R0573,99,1,11,1,43,13,780810,469110,0,,,,1,,Y,143,179,0,,,,R,,,1.0,DUD,2000
00IN04156,1999110574,R0574,11,R0574,99,3,11,1,07,13,780810,686610,0,,,,3,,*,0,0,0,,93,0110,R,,,1.0,T,2000
00IN04157,1999110582,R0582,11,R0582,99,2,12,1,43,82,777710,448510,0,,,,1,,2,123,134,1,,,,C,81,1,1.0,F3-,2000
00IN04158,1999110588,R0588,11,R0588,99,1,11,1,07,12,787410,778210,0,,,,3,LIB,Y,127,156,0,X,,,R,,,1.0,DUD,2000
00IN04159,1999110590,R0590,11,R0590,99,2,11,1,07,12,787410,778210,0,,,,1,,2,114,126,1,,,,R,13,1,1.0,,2000
00IN04160,1999110594,R0594,11,R0594,99,2,13,1,07,34,800810,732810,0,,,,1,,2,140,158,2,,,,F,33,1,1.0,DYSTOCIA,2000
00IN04161,1999110598,R0598,11,R0598,99,1,10,1,43,23,804310,724010,0,,,,1,,Y,175,198,0,,97,1027,M,,,1.0,,2000
00IN04162,1999110602,R0602,11,R0602,99,1,12,1,43,89,857510,807010,0,,,,3,,Y,115,150,0,,93,0812,C,,,1.0,H6,2000
00IN04163,1999110604,R0604,11,R0604,99,2,11,1,07,13,780810,663110,0,,,,1,,2,110,127,2,,,,R,12,1,1.0,"HAIRY<,4TEATS",2000
00IN04164,1999110608,R0608,11,R0608,99,1,13,1,43,33,809810,672110,0,,,,3,,Y,132,160,0,,93,0812,F,,,1.0,,2000
00IN04165,1999110611,R0611,11,R0611,99,1,13,1,07,34,800810,828910,0,,,,1,,Y,174,196,0,,,,F,,,1.0,DUD,2000
00IN04166,1999110612,R0612,11,R0612,99,1,12,1,43,81,877510,706810,0,,,,1,,Y,138,168,0,,,,C,,,1.0,,2000
00IN04167,1999110613,R0613,11,R0613,99,1,12,1,43,81,877510,706810,0,,,,1,,Y,141,160,0,,,,C,,,1.0,"H4, DUD",2000
00IN04168,1999110614,R0614,11,R0614,99,2,13,1,43,31,784210,584810,0,,,,1,,2,150,140,2,,,,F,34,1,1.0,RP ok,2000
00IN04169,1999110620,R0620,11,R0620,99,1,13,1,07,34,800810,751910,0,,,,3,,Y,143,174,0,,93,0812,F,,,1.0,,2000
00IN04170,1999110621,R0621,11,R0621,99,2,13,1,07,34,800810,751910,0,,,,1,,2,132,130,1,,,,F,31,1,1.0,,2000
00IN04171,1999110624,R0624,11,R0624,99,2,12,1,07,80,804610,759610,0,,,,1,,2,123,123,1,,,,C,82,1,1.0,4TEATS,2000
00IN04172,1999110627,R0627,11,R0627,99,2,12,1,07,87,826810,688010,0,,,,1,,2,127,137,2,,,,C,83,1,1.0,H2,2000
00IN04173,1999110630,R0630,11,R0630,99,1,10,1,43,24,799010,496310,0,,,,2,LIB,Y,167,189,0,,,,M,,,1.0,"H7, DUD",2000
00IN04174,1999110631,R0631,11,R0631,99,2,11,1,07,11,822410,467110,0,,,,1,,1,112,133,1,,,,R,14,1,1.0,,2000
00IN04175,1999110635,R0635,11,R0635,99,1,10,1,07,21,845110,785710,0,,,,1,,Y,173,194,0,,,,M,,,1.0,,2000
00IN04176,1999110640,R0640,11,R0640,99,2,12,1,43,81,877510,861310,0,,,,6,,H,121,129,1,,04,0918,C,,,1.0,DEAD,2000
00IN04177,1999110644,R0644,11,R0644,99,1,12,1,42,83,805910,517810,0,,,,3,,Y,165,186,0,,93,0812,C,,,1.0,"H7, stm:42",2000
00IN04178,1999110647,R0647,11,R0647,99,2,13,1,43,33,809810,794810,0,,,,2, 70,5,136,167,1,,92,0921,F,,,1.0,ENTR,2000
00IN04179,1999110650,R0650,11,R0650,99,2,11,1,07,13,780810,727410,0,,,,1,,2,135,139,2,,,,R,11,1,1.0,ENTR,2000
00IN04180,1999110651,R0651,11,R0651,99,1,12,1,07,84,784710,829910,0,,,,1,,Y,144,170,0,U,93,1219,C,,,1.0,,2000
00IN04181,1999110654,R0654,11,R0654,99,1,13,1,43,34,800810,851210,0,,,,3,  X,Y,171,191,0,,93,1002,F,,,1.0,X SM. TSTS,2000
00IN04182,1999110657,R0657,11,R0657,99,2,13,1,43,34,800810,809210,0,,,,2, 73,5,123,144,1,,92,0921,F,,,1.0,4TEATS,2000
00IN04183,1999110658,R0658,11,R0658,99,2,13,1,43,34,800810,809210,0,,,,1,,3,148,145,2,,,,F,32,1,1.0,HAIRY,2000
00IN04184,1999110660,R0660,11,R0660,99,1,11,1,07,12,787410,820710,0,,,,1,,Y,159,189,0,,,,R,,,1.0,,2000
00IN04185,1999110665,R0665,11,R0665,99,1,12,1,07,82,777710,828010,0,,,,1,,Y,162,197,0,,,,C,,,1.0,DUD,2000
00IN04186,1999110667,R0667,11,R0667,99,2,12,1,43,87,826810,711910,0,,,,1,SAV,2,131,132,1,,,,C,84,1,1.0,DYSTOCIA,2000
00IN04187,1999110669,R0669,11,R0669,99,2,10,1,43,23,804310,516310,0,,,,2, 73,5,127,145,1,,92,0921,M,,,1.0,,2000
00IN04188,1999110671,R0671,11,R0671,99,1,11,1,07,14,844210,596710,0,,,,3,,Y,132,162,0,,93,0812,R,,,1.0,PNEU,2000
00IN04189,1999110672,R0672,11,R0672,99,1,11,1,07,14,844210,596710,0,,,,1,,Y,158,165,0,,,,R,,,1.0,"DUD, D6",2000
00IN04190,1999110675,R0675,11,R0675,99,2,10,1,07,21,845110,889610,0,,,,3,,1,137,153,12,,93,1002,M,,,1.0,JAW4,2000
00IN04191,1999110678,R0678,11,R0678,99,1,13,1,43,32,878110,450110,0,,,,3,,Y,141,169,0,,93,0812,F,,,1.0,4TEATS,2000
00IN04192,1999110679,R0679,11,R0679,99,2,11,1,07,14,844210,783710,0,,,,1,,5,129,163,1,,,,R,12,1,1.0,RP ok,2000
00IN04193,1999110680,R0680,11,R0680,99,2,11,1,07,14,844210,783710,0,,,,1,,3,136,137,2,,,,R,13,1,1.0,DYSTOCIA,2000
00IN04194,1999110681,R0681,11,R0681,99,1,12,1,43,85,805910,482210,0,,,,1,,Y,158,182,0,,,,C,,,1.0,DUD,2000
00IN04195,1999110684,R0684,11,R0684,99,1,12,1,43,82,777710,521010,0,,,,1,,Y,154,173,0,,,,C,,,1.0,,2000
00IN04196,1999110685,R0685,11,R0685,99,1,12,1,07,86,789610,657110,0,,,,1,,Y,172,184,0,,,,C,,,1.0,DUD,2000
00IN04197,1999110691,R0691,11,R0691,99,2,11,1,07,13,780810,439810,0,,,,1,,2,146,139,2,,,,R,14,1,1.0,,2000
00IN04198,1999110699,R0699,11,R0699,99,2,10,1,07,21,845110,591310,0,,,,2, 70,5,144,164,1,,92,0921,M,,,1.0,ENTR,2000
00IN04199,1999110702,R0702,11,R0702,99,1,12,1,43,88,862210,712810,0,,,,3,,Y,137,164,0,,93,0812,C,,,1.0,,2000
00IN04200,1999110703,R0703,11,R0703,99,1,12,1,43,88,862210,712810,0,,,,1,,Y,125,172,0,,,,C,,,1.0,DUD,2000
00IN04201,1999110704,R0704,11,R0704,99,2,11,1,07,11,822410,794410,0,,,,2, 74,5,121,143,1,,92,0921,R,,,1.0,,2000
00IN04202,1999110705,R0705,11,R0705,99,2,11,1,07,11,822410,794410,0,,,,2, 72,5,108,149,1,,92,0921,R,,,1.0,,2000
00IN04203,1999110709,R0709,11,R0709,99,2,10,1,07,24,799010,843710,0,,,,1,,2,113,126,2,,,,M,21,1,1.0,,2000
00IN04204,1999110710,R0710,11,R0710,99,2,12,1,43,83,805910,523010,0,,,,1,,2,140,131,1,,,,C,86,1,1.0,,2000
00IN04205,1999110712,R0712,11,R0712,99,1,12,1,07,91,848910,666810,0,,,,1,,Y,174,197,0,,,,C,,,1.0,,2000
00IN04206,1999110713,R0713,11,R0713,99,2,11,1,07,13,780810,578410,0,,,,1,,1,123,131,2,,,,R,11,1,1.0,HAIRY,2000
00IN04207,1999110714,R0714,11,R0714,99,2,11,1,07,13,780810,578410,0,,,,1,,3,117,127,2,,,,R,12,1,1.0,HAIRY,2000
00IN04208,1999110716,R0716,11,R0716,99,2,11,1,07,13,780810,695010,0,,,,1,,5,128,154,1,,,,R,14,1,1.0,"DRY,ABORTED",2000
00IN04209,1999110718,R0718,11,R0718,99,1,12,1,07,84,784710,673710,0,,,,6,,Y,152,182,0,,46,0918,C,,,1.0,,2000
00IN04210,1999110725,R0725,11,R0725,99,2,12,1,43,83,805910,227910,0,,,,1,,1,118,132,1,,,,C,87,1,1.0,H3,2000
00IN04211,1999110731,R0731,11,R0731,99,2,12,1,07,86,789610,253210,0,,,,1,,2,134,135,1,,,,C,85,1,1.0,,2000
00IN04212,1999110734,R0734,11,R0734,99,2,10,1,07,22,815210,593410,0,,,,1,,1,121,140,2,,,,M,24,1,1.0,,2000
00IN04213,1999110735,R0735,11,R0735,99,1,10,1,07,22,815210,593410,0,,,,3,LIB,Y,168,188,0,X,,,M,,,1.0,DUD,2000
00IN04214,1999110739,R0739,11,R0739,99,2,13,1,43,32,878110,634810,0,,,,1,,2,139,143,2,,,,F,33,1,1.0,4TEATS,2000
00IN04215,1999110741,R0741,11,R0741,99,2,13,1,43,32,878110,634810,0,,NN,,1,,5,132,161,1,,,,F,54,1,1.0,BRITCHY,2000
00IN04216,1999110742,R0742,11,R0742,99,2,10,1,07,23,804310,837510,0,,,,2, 72,5,123,150,1,,92,0921,M,,,1.0,,2000
00IN04217,1999110743,R0743,11,R0743,99,2,10,1,07,23,804310,837510,0,,,,1,,2,135,139,1,,,,M,22,1,1.0,,2000
00IN04218,1999110744,R0744,11,R0744,99,2,12,1,07,88,862210,269610,0,,,,1,,2,133,133,2,,,,C,89,1,1.0,,2000
00IN04219,1999110746,R0746,11,R0746,99,2,13,1,07,31,784210,239910,0,,,,1,,1,142,144,1,,,,F,34,1,1.0,4TEATS,2000
00IN04220,1999110748,R0748,11,R0748,99,1,12,1,43,91,848910,692410,0,,,,1,,Y,149,173,0,,,,C,,,1.0,"WRINKLES,DUD",2000
00IN04221,1999110753,R0753,11,R0753,99,1,13,1,43,31,784210,701910,0,,,,1,,Y,155,191,0,,,,F,,,1.0,,2000
00IN04222,1999110754,R0754,11,R0754,99,2,10,1,07,23,804310,480110,0,,,,1,,2,141,141,2,,,,M,24,1,1.0,HAIRY,2000
00IN04223,1999110757,R0757,11,R0757,99,2,12,1,07,91,848910,713410,0,,,,1,,1,132,143,1,,,,C,88,1,1.0,RP ok,2000
00IN04224,1999110760,R0760,11,R0760,99,1,11,1,43,14,844210,237910,0,,,,1,,Y,170,201,0,,,,R,,,1.0,DUD,2000
00IN04225,1999110763,R0763,11,R0763,99,2,13,1,43,31,784210,667010,0,,,,1,,2,109,119,2,,,,F,32,1,1.0,,2000
00IN04226,1999110764,R0764,11,R0764,99,1,13,1,07,33,809810,304510,0,,,,1,,Y,185,197,0,,,,F,,,1.0,,2000
00IN04227,1999110769,R0769,11,R0769,99,2,12,1,07,90,859510,552410,0,,,,3,,H,113,124,12,,93,1002,C,,,1.0,MASTITIS,2000
00IN04228,1999110771,R0771,11,R0771,99,2,12,1,43,81,877510,599010,0,,,,1,,2,126,129,2,,,,C,90,1,1.0,,2000
00IN04229,1999110776,R0776,11,R0776,99,2,13,1,43,34,800810,693110,0,,,,2, 75,5,102,127,1,,92,0921,F,,,1.0,,2000
00IN04230,1999110791,R0791,11,R0791,99,2,11,1,43,13,780810,503110,0,,,,3,,H,122,137,1,,93,1002,R,,,1.0,UT.PROLAPSE,2000
00IN04231,1999110800,R0800,11,R0800,99,1,13,1,43,34,800810,664710,0,,,,3,,Y,134,165,0,,93,0812,F,,,1.0,,2000
00IN04232,1999110804,R0804,11,R0804,99,2,11,1,43,13,780810,308110,0,,,,1,,5,147,165,1,,,,R,11,1,1.0,ENTR,2000
00IN04233,1999110805,R0805,11,R0805,99,2,11,1,43,13,780810,308110,0,,,,1,,2,142,137,2,,,,R,12,1,1.0,,2000
00IN04234,1999110809,R0809,11,R0809,99,2,11,1,07,14,844210,571110,0,,,,1,,5,134,155,1,,,,R,13,1,1.0,4TEATS,2000
00IN04235,1999110814,R0814,11,R0814,99,2,13,1,43,32,878110,559510,0,,,,1,,1,116,132,1,,,,F,31,1,1.0,DYSTOCIA,2000
00IN04236,1999110819,R0819,11,R0819,99,2,12,1,43,81,877510,592310,0,,,,U,,2,122,134,11,,,,C,U,A,1.0,,2000
00IN04237,1999110823,R0823,11,R0823,99,2,10,1,07,24,799010,724910,0,,,,1,,1,152,147,2,,,,M,22,1,1.0,,2000
00IN04238,1999110824,R0824,11,R0824,99,2,11,1,07,12,787410,424810,0,,,,1,,2,144,134,2,,,,R,13,1,1.0,,2000
00IN04239,1999110826,R0826,11,R0826,99,1,10,1,07,24,799010,257910,0,,,,1,,Y,193,219,0,,,,M,,,1.0,,2000
00IN04240,1999110831,R0831,11,R0831,99,1,11,1,07,11,822410,683010,0,,,,1,,Y,136,170,0,,,,R,,,1.0,"FOLDS, DUD",2000
00IN04241,1999110833,R0833,11,R0833,99,1,10,1,07,22,815210,786610,0,,,,1,,Y,170,201,0,,,,M,,,1.0,,2000
00IN04242,1999110834,R0834,11,R0834,99,2,10,1,07,22,815210,786610,0,,,,1,,1,148,149,2,,,,M,21,1,1.0,,2000
00IN04243,1999110838,R0838,11,R0838,99,2,12,1,07,88,862210,786310,0,,,,2, 74,2,131,137,5,,92,0921,C,,,1.0,,2000
00IN04244,1999110841,R0841,11,R0841,99,2,12,1,43,81,877510,610810,0,,,,3,,H,125,145,12,,93,1002,C,,,1.0,MASTITIS 5/23,2000
00IN04245,1999110847,R0847,11,R0847,99,2,10,1,07,22,815210,674710,0,,,,1,,1,124,138,2,,,,M,23,1,1.0,,2000
00IN04246,1999110848,R0848,11,R0848,99,1,13,1,43,34,800810,501010,0,,,,1,,Y,184,208,0,,,,F,,,1.0,"BUCK, JAW4 so",2000
00IN04247,1999110849,R0849,11,R0849,99,2,13,1,43,34,800810,501010,0,,,,2, 72,5,124,148,1,,92,0921,F,,,1.0,HAIRY,2000
00IN04248,1999110857,R0857,11,R0857,99,2,10,1,07,21,845110,632110,0,,,,2, 73,5,122,146,1,,92,0921,M,,,1.0,,2000
00IN04249,1999110858,R0858,11,R0858,99,1,10,1,07,21,845110,632110,0,,,,3,,Y,133,163,0,,93,0812,M,,,1.0,"X, OFF TYPE",2000
00IN04250,1999110860,R0860,11,R0860,99,2,11,1,07,13,780810,448110,0,,,,1,,1,125,139,2,,,,R,14,1,1.0,HAIRY <<,2000
00IN04251,1999110864,R0864,11,R0864,99,2,11,1,07,12,787410,678810,0,,,,2, 71,5,125,157,1,,92,0921,R,,,1.0,,2000
00IN04252,1999110865,R0865,11,R0865,99,1,11,1,43,11,822410,557210,0,,,,3,,Y,118,153,0,,93,0812,R,,,1.0,"L.SM.TST,SOFT",2000
00IN04253,1999110867,R0867,11,R0867,99,1,13,1,43,32,878110,468810,0,,,,3,,Y,166,187,0,,93,0812,F,,,1.0,"L.TAIL, EPI?",2000
00IN04254,1999110869,R0869,11,R0869,99,1,12,1,07,84,784710,553410,0,,,,1,,Y,152,179,0,,,,C,,,1.0,H5,2000
00IN04255,1999110871,R0871,11,R0871,99,2,12,1,43,82,777710,839410,0,,,,1,,2,112,124,1,,,,C,91,1,1.0,,2000
00IN04256,1999110875,R0875,11,R0875,99,2,13,1,43,33,809810,709610,0,,,,1,,2,100,117,2,,,,F,34,1,1.0,DYSTOCIA,2000
00IN04257,1999110882,R0882,11,R0882,99,2,11,1,07,14,844210,679510,0,,NN,,1,,5,112,147,1,,,,R,55,1,1.0,BRITCHY,2000
00IN04258,1999110885,R0885,11,R0885,99,2,10,1,07,22,815210,531210,0,,,,1,,1,139,152,2,,,,M,24,1,1.0,DYSTOCIA,2000
00IN04259,1999110886,R0886,11,R0886,99,1,12,1,07,89,857510,727710,0,,,,1,,Y,176,190,0,,,,C,,,1.0,"H7, DUD",2000
00IN04260,1999110887,R0887,11,R0887,99,1,12,1,07,89,857510,727710,0,,,,3,,Y,161,179,0,,93,0812,C,,,1.0,"H7,R.TAIL chk",2000
00IN04261,1999110895,R0895,11,R0895,99,2,10,1,07,23,804310,812510,0,,,,1,,3,109,124,2,,,,M,22,1,1.0,SMALL YRLG,2000
00IN04262,1999110904,R0904,11,R0904,99,1,11,1,07,13,780810,679410,0,,,,2,157,Y,156,190,0,,92,0921,R,,,1.0,,2000
00IN04263,1999110909,R0909,11,R0909,99,2,10,1,07,23,804310,779810,0,,,,1,,1,117,132,1,,,,M,21,1,1.0,4TEATS,2000
00IN04264,1999110910,R0910,11,R0910,99,2,10,1,07,22,815210,482610,0,,,,U,,2,153,157,9,,,,M,U,A,1.0,,2000
00IN04265,1999110918,R0918,11,R0918,99,2,10,1,07,23,804310,599110,0,,,,6,,3,145,0,0,,05,0714,M,,,1.0,BLUEBAG 7/14,2000
00IN04266,1999110919,R0919,11,R0919,99,2,10,1,07,23,804310,599110,0,,,,1,,3,142,152,2,,,,M,22,1,1.0,,2000
00IN04267,1999110922,R0922,11,R0922,99,1,10,1,43,22,815210,488510,0,,,,3,,Y,150,180,0,,93,0812,M,,,1.0,,2000
00IN04268,1999110924,R0924,11,R0924,99,2,10,1,07,21,845110,720510,0,,,,1,,2,116,117,1,,,,M,23,1,1.0,,2000
00IN04269,1999110925,R0925,11,R0925,99,1,11,1,07,12,787410,683110,0,,,,3,LIB,Y,131,174,0,X,,,R,,,1.0,DUD,2000
00IN04270,1999110929,R0929,11,R0929,99,2,13,1,43,34,800810,689210,0,,,,1,,5,131,150,1,,,,F,33,1,1.0,,2000
00IN04271,1999110940,R0940,11,R0940,99,2,10,1,43,23,804310,662710,0,,,,6,,1,125,0,0,,01,0829,M,,,1.0,,2000
00IN04272,1999110944,R0944,11,R0944,99,3,12,1,43,85,805910,530510,0,,,,3,,*,0,0,0,,93,0110,C,,,1.0,T,2000
00IN04273,1999110945,R0945,11,R0945,99,2,12,1,07,89,857510,865210,0,,,,2, 75,2,109,114,2,,92,0921,C,,,1.0,ENTR,2000
00IN04274,1999110949,R0949,11,R0949,99,2,12,1,07,87,826810,490910,0,,,,1,,2,123,128,1,,,,C,90,1,1.0,,2000
00IN04275,1999110961,R0961,11,R0961,99,2,10,1,07,22,815210,633910,0,,,,1,,2,123,127,2,,,,M,24,1,1.0,,2000
00IN04276,1999110962,R0962,11,R0962,99,2,10,1,07,22,815210,633910,0,,,,1,,1,138,147,2,,,,M,23,1,1.0,,2000
00IN04277,1999110966,R0966,11,R0966,99,2,13,1,43,34,800810,750610,0,,,,1,,5,132,166,1,,,,F,31,1,1.0,,2000
00IN04278,1999110975,R0975,11,R0975,99,2,13,1,43,32,878110,816110,0,,,,1,,2,139,160,1,,,,F,33,1,1.0,,2000
00IN04279,1999110977,R0977,11,R0977,99,2,12,1,07,85,805910,673910,0,,,,2, 73,5,111,146,1,,92,0921,C,,,1.0,,2000
00IN04280,1999110978,R0978,11,R0978,99,2,12,1,07,85,805910,673910,0,,,,1,,1,122,145,2,,,,C,81,1,1.0,DYSTOCIA,2000
00IN04281,1999110995,R0995,11,R0995,99,2,13,1,43,32,878110,691610,0,,,,1,,2,100,124,1,,,,F,34,1,1.0,THIN YRLG,2000
00IN04282,1999111003,R1003,11,R1003,99,2,10,1,43,22,815210,506510,0,,,,1,,2,162,158,2,,,,M,24,1,1.0,,2000
00IN04283,1999109980,S9980,10,S9980,99,2,10,1,07,24,799010,838210,0,,,,1,SAV,1,144,153,2,,,,M,21,1,1.0,PNEU,2000
00IN04284,1999109988,S9988,10,S9988,99,2,12,1,43,89,857510,444310,0,,,,1,,1,124,129,2,,,,C,81,1,1.0,4TEATS,2000
00IN04285,1999109994,S9994,10,S9994,99,1,12,1,07,89,857510,630110,0,,,,2,151,Y,191,217,0,,92,0921,C,,,1.0,NICE ctrl,2000
00IN04286,1999109995,S9995,10,S9995,99,1,13,1,07,33,809810,751810,0,,,,3,,Y,140,161,0,,93,0812,F,,,1.0,,2000
00IN04287,1999109996,S9996,10,S9996,99,2,13,1,07,33,809810,751810,0,,,,2, 74,5,118,140,1,,92,0921,F,,,1.0,,2000
00IN04288,1999109997,S9997,10,S9997,99,2,11,1,07,12,787410,726210,0,,,,1,,2,124,133,2,,97,1025,R,13,1,1.0,,2000
00IN04289,1999109998,S9998,10,S9998,99,2,11,1,07,12,787410,726210,0,,,,1,,5,133,155,1,,,,R,14,1,1.0,,2000
00IN04290,1999109999,S9999,10,S9999,99,2,12,1,07,84,784710,751310,0,,,,1,,2,172,155,2,X,66,1027,C,83,1,1.0,X DOG BITES,2000
00IN04291,1999447015,T7015,44,T7015,99,1,ID,1,02,43T,006400,592844,I,,KK,,2,LIB,Y,167,187,0,I,,,I,,,1.0,DUD,2000
00IN04292,1999447016,T7016,44,T7016,99,1,ID,1,02,43T,006400,592844,I,,KK,,2,LIB,Y,175,196,0,I,,,I,,,1.0,DUD,2000
00IN04293,1999447019,T7019,44,T7019,99,2,ID,1,02,42T,405200,628744,I,,,,1,,1,147,145,2,,,,I,41T,1,1.0,ENTR,2000
00IN04294,1999447022,T7022,44,T7022,99,1,ID,1,02,43T,006400,337244,I,,KK,,2,LIB,Y,178,216,0,I,,,I,,,1.0,"H3, DUD",2000
00IN04295,1999447023,T7023,44,T7023,99,1,ID,1,02,43T,006400,622044,I,,KK,,2,134,Y,175,208,0,,92,0921,I,,,1.0,,2000
00IN04296,1999447025,T7025,44,T7025,99,2,ID,1,02,42T,405200,301644,I,,,,1,,2,157,149,2,,,,I,42T,1,1.0,SM.BAG,2000
00IN04297,1999447026,T7026,44,T7026,99,2,ID,1,02,42T,405200,518844,I,,,,1,,1,155,158,2,,,,I,42T,1,1.0,,2000
00IN04298,1999447027,T7027,44,T7027,99,1,ID,1,02,42T,405200,518844,I,,ISA,,1,ISA,Y,167,192,0,I,,,I,,,1.0,DUD,2000
00IN04299,1999447028,T7028,44,T7028,99,1,ID,1,02,42T,405200,518844,I,,ISA,,1,ISA,Y,197,229,0,I,,,I,,,1.0,DUD,2000
00IN04300,1999447029,T7029,44,T7029,99,2,ID,1,02,41T,644044,273244,I,,,,1,,5,151,175,1,,,,I,42T,1,1.0,,2000
00IN04301,1999447031,T7031,44,T7031,99,1,ID,1,02,42T,405200,319244,I,,ISA,,3,ISA,Y,146,172,0,,93,0812,I,,,1.0,,2000
00IN04302,1999447033,T7033,44,T7033,99,1,ID,1,02,43T,006400,304544,I,,KK,,2,139,Y,157,184,0,,92,0921,I,,,1.0,,2000
00IN04303,1999447034,T7034,44,T7034,99,2,ID,1,02,43T,006400,304544,I,,,,3,,3,148,140,12,,93,1002,I,,,1.0,,2000
00IN04304,1999447035,T7035,44,T7035,99,2,ID,1,02,43T,006400,618544,I,,,,1,,2,134,147,2,,,,I,43T,1,1.0,,2000
00IN04305,1999447036,T7036,44,T7036,99,2,ID,1,02,43T,006400,618544,I,,,,3,,H,145,141,2,,93,1002,I,,,1.0,UT.PROLAPSE,2000
00IN04306,1999447038,T7038,44,T7038,99,2,ID,1,02,42T,405200,304644,I,,,,1,,1,148,153,2,,,,I,41T,1,1.0,,2000
00IN04307,1999447043,T7043,44,T7043,99,1,ID,1,02,42T,405200,611444,I,,ISA,,3,ISA,Y,152,191,0,,93,0812,I,,,1.0,,2000
00IN04308,1999447045,T7045,44,T7045,99,2,ID,1,02,43T,006400,558644,I,,,,1,,1,142,149,2,,,,I,43T,1,1.0,,2000
00IN04309,1999447048,T7048,44,T7048,99,2,ID,1,02,43T,006400,546644,I,,,,1,,5,133,166,1,,,,I,43T,1,1.0,,2000
00IN04310,1999447049,T7049,44,T7049,99,1,ID,1,02,43T,006400,546644,I,,KK,,6,KK,*,0,0,0,,86,0405,I,,,1.0,,2000
00IN04311,1999447052,T7052,44,T7052,99,2,ID,1,02,41T,644044,592744,I,,,,1,,2,151,153,2,,,,I,42T,1,1.0,,2000
00IN04312,1999447053,T7053,44,T7053,99,1,ID,1,02,43T,006400,560944,I,,KK,,1,KK,Y,181,211,0,I,,,I,,,1.0,"DUD, D6",2000
00IN04313,1999447058,T7058,44,T7058,99,2,ID,1,02,42T,405200,191744,I,,,,1,,2,136,138,2,,,,I,41T,1,1.0,,2000
00IN04314,1999447061,T7061,44,T7061,99,2,ID,1,02,42T,405200,299144,I,,,,1,,5,150,181,1,,,,I,42T,1,1.0,,2000
00IN04315,1999447062,T7062,44,T7062,99,1,ID,1,02,42T,405200,299144,I,,ISA,,2,138,Y,174,182,0,,92,0921,I,,,1.0,,2000
00IN04316,1999447064,T7064,44,T7064,99,2,ID,1,02,42T,405200,601144,I,,,,1,,2,152,151,2,,,,I,41T,1,1.0,,2000
00IN04317,1999447065,T7065,44,T7065,99,1,ID,1,02,42T,405200,601144,I,,ISA,,1,ISA,Y,189,221,0,I,,,I,,,1.0,DUD,2000
00IN04318,1999447066,T7066,44,T7066,99,1,ID,1,02,41T,644044,318444,I,,McR,,3,LIB,Y,168,185,0,X,,,I,,,1.0,DUD,2000
00IN04319,1999447069,T7069,44,T7069,99,2,ID,1,02,41T,644044,286344,I,,,,1,,5,147,165,1,,,,I,41T,1,1.0,,2000
00IN04320,1999447071,T7071,44,T7071,99,1,ID,1,02,42T,405200,302644,I,,ISA,,2,135,Y,187,203,0,,92,0921,I,,,1.0,H2,2000
00IN04321,1999447072,T7072,44,T7072,99,2,ID,1,02,42T,405200,302644,I,,,,1,,5,135,165,1,,,,I,42T,1,1.0,,2000
00IN04322,1999447074,T7074,44,T7074,99,1,ID,1,02,43T,006400,562744,I,,KK,,1,KK,Y,191,215,0,I,,,I,,,1.0,DUD,2000
00IN04323,1999447075,T7075,44,T7075,99,1,ID,1,02,43T,006400,562744,I,,KK,,2,137,Y,187,215,0,,92,0921,I,,,1.0,,2000
00IN04324,1999447077,T7077,44,T7077,99,2,ID,1,02,42T,405200,402044,I,,,,1,,5,131,168,1,,,,I,41T,1,1.0,,2000
00IN04325,1999447080,T7080,44,T7080,99,2,ID,1,02,e.4,550544,644644,I,,,,1,,2,143,148,1,,,,I,41T,1,1.0,,2000
00IN04326,1999447082,T7082,44,T7082,99,1,ID,1,02,41T,644044,625744,I,,McR,,2,LIB,Y,191,208,0,I,,,I,,,1.0,DUD,2000
00IN04327,1999447085,T7085,44,T7085,99,1,ID,1,02,43T,006400,550644,I,,KK,,3,KK,Y,159,180,0,,93,0812,I,,,1.0,,2000
00IN04328,1999447086,T7086,44,T7086,99,1,ID,1,02,43T,006400,550644,I,,KK,,2,LIB,Y,157,179,0,I,,,I,,,1.0,WILD DUD,2000
00IN04329,1999447091,T7091,44,T7091,99,2,ID,1,02,41T,644044,607244,I,,,,1,,2,139,150,2,,,,I,43T,1,1.0,,2000
00IN04330,1999447093,T7093,44,T7093,99,2,ID,1,02,41T,644044,638444,I,,,,3,,H,128,121,1,,93,1002,I,,,1.0,BAD LEG,2000
00IN04331,1999447094,T7094,44,T7094,99,1,ID,1,02,42T,405200,600344,I,,ISA,,1,141,Y,161,189,0,,92,1017,I,,,1.0,SALE SUB.,2000
00IN04332,1999447095,T7095,44,T7095,99,2,ID,1,02,42T,405200,600344,I,,,,1,,1,131,148,2,,,,I,42T,1,1.0,,2000
00IN04333,1999447102,T7102,44,T7102,99,2,ID,1,02,41T,644044,517944,I,,,,1,,2,156,148,2,,,,I,43T,1,1.0,,2000
00IN04334,1999447104,T7104,44,T7104,99,2,41,1,02,411,595344,606744,2,,,,1,,2,112,122,2,,,,M,413,2,1.0,DYSTOCIA,2000
00IN04335,1999447106,T7106,44,T7106,99,2,41,1,02,412,615044,528044,2,,,,1,,2,122,120,2,,,,M,414,2,1.0,,2000
00IN04336,1999447109,T7109,44,T7109,99,1,ID,1,02,43T,006400,620744,I,,KK,,3,LIB,Y,195,223,0,X,,,I,,,1.0,DUD,2000
00IN04337,1999447111,T7111,44,T7111,99,1,42,1,02,902,628544,502044,2,,,,3,Nax,Y,114,146,0,,93,0812,C,,,1.0,"X, H5",2000
00IN04338,1999447115,T7115,44,T7115,99,2,41,1,02,414,637244,477844,2,,,,1,,2,142,137,2,,,,M,412,2,1.0,,2000
00IN04339,1999447116,T7116,44,T7116,99,2,41,1,02,414,637244,477844,2,,,,3,,H,134,136,12,,93,1002,M,,,1.0,,2000
00IN04340,1999447120,T7120,44,T7120,99,1,ID,1,02,41T,644044,355944,I,,McR,,3,,Y,158,177,0,,93,0812,I,,,1.0,NICE,2000
00IN04341,1999447122,T7122,44,T7122,99,1,ID,1,02,41T,644044,616344,I,,McR,,3,,Y,163,185,0,,93,0812,I,,,1.0,"X,R.EYE+L.EPI",2000
00IN04342,1999447124,T7124,44,T7124,99,2,ID,1,02,43T,006400,327944,I,,,,2, 61,5,124,157,1,,92,0921,I,,,1.0,,2000
00IN04343,1999447130,T7130,44,T7130,99,2,ID,1,02,42T,405200,355344,I,,,,1,,5,138,164,1,,,,I,41T,1,1.0,,2000
00IN04344,1999447131,T7131,44,T7131,99,2,ID,1,02,42T,405200,355344,I,,,,1,,5,139,172,1,,,,I,42T,1,1.0,,2000
00IN04345,1999447140,T7140,44,T7140,99,2,41,1,02,414,637244,632544,2,,,,2, 64,5,133,156,1,,92,0921,M,,,1.0,4TEATS,2000
00IN04346,1999447142,T7142,44,T7142,99,2,41,1,02,412,615044,618144,2,,,,1,,1,140,139,2,,,,M,413,2,1.0,,2000
00IN04347,1999447143,T7143,44,T7143,99,2,41,1,02,413,601644,618744,2,,,,2, 63,5,135,163,1,,92,0921,M,,,1.0,,2000
00IN04348,1999447151,T7151,44,T7151,99,1,ID,1,02,43T,006400,314844,I,,KK,,3,KK,Y,136,172,0,,93,0812,I,,,1.0,,2000
00IN04349,1999447152,T7152,44,T7152,99,2,ID,1,02,43T,006400,314844,I,,,,1,,5,119,144,1,,,,I,43T,1,1.0,ENTR,2000
00IN04350,1999447153,T7153,44,T7153,99,2,ID,1,02,43T,006400,194544,I,,,,1,,2,135,143,2,,,,I,43T,1,1.0,,2000
00IN04351,1999447161,T7161,44,T7161,99,1,42,1,02,822,585644,483144,2,,,,1,Nax,Y,138,175,0,,,,C,,,1.0,not DUD,2000
00IN04352,1999447164,T7164,44,T7164,99,2,41,1,02,412,615044,510244,2,,,,1,,2,158,161,2,,,,M,414,2,1.0,4TEATS,2000
00IN04353,1999447165,T7165,44,T7165,99,2,42,1,02,902,628544,545644,2,,,,1,,5,131,158,1,,,,C,882,2,1.0,DYSTOCIA,2000
00IN04354,1999447175,T7175,44,T7175,99,2,42,1,02,862,609744,435444,2,,,,1,,3,130,137,2,,,,C,892,2,1.0,,2000
00IN04355,1999447176,T7176,44,T7176,99,1,41,1,02,413,601644,528344,2,,,,1,Nax,Y,136,172,0,,,,M,,,1.0,,2000
00IN04356,1999447181,T7181,44,T7181,99,1,41,1,02,414,637244,469344,2,,,,1,Nax,Y,153,178,0,,,,M,,,1.0,,2000
00IN04357,1999447184,T7184,44,T7184,99,2,ID,1,02,42T,405200,410944,I,,,,1,,2,139,148,1,,,,I,41T,1,1.0,,2000
00IN04358,1999447185,T7185,44,T7185,99,2,ID,1,02,42T,405200,410944,I,,,,1,,2,128,137,1,,,,I,42T,1,1.0,,2000
00IN04359,1999447186,T7186,44,T7186,99,2,ID,1,02,41T,644044,618844,I,,,,1,,5,134,183,1,,,,I,41T,1,1.0,,2000
00IN04360,1999447187,T7187,44,T7187,99,1,ID,1,02,43T,006400,626944,I,,KK,,3,LIB,Y,151,161,0,,,,I,,,1.0,DUD w/SAVES,2000
00IN04361,1999447188,T7188,44,T7188,99,2,ID,1,02,43T,006400,522744,I,,,,1,,2,150,160,1,,,,I,43T,1,1.0,4TEATS,2000
00IN04362,1999447192,T7192,44,T7192,99,1,42,1,02,812,522544,457244,2,,,,1,Nax,Y,138,156,0,,,,C,,,1.0,,2000
00IN04363,1999447193,T7193,44,T7193,99,1,42,1,02,812,522544,457244,2,,,,1,Nax,Y,125,156,0,,,,C,,,1.0,"RUNT, X",2000
00IN04364,1999447195,T7195,44,T7195,99,1,ID,1,02,43T,006400,615244,I,,KK,,3,LIB,Y,162,179,0,X,,,I,,,1.0,PINK DUD,2000
00IN04365,1999447198,T7198,44,T7198,99,1,41,1,02,411,595344,549644,2,,,,7,Nax,*,0,0,0,,97,0223,M,,,1.0,MSG 2/23/00,2000
00IN04366,1999447201,T7201,44,T7201,99,2,41,1,02,411,595344,561644,2,,,,1,,2,137,146,2,,,,M,412,2,1.0,,2000
00IN04367,1999447205,T7205,44,T7205,99,1,41,1,02,412,615044,270844,2,,,,1,Nax,Y,126,153,0,,,,M,,,1.0,,2000
00IN04368,1999447206,T7206,44,T7206,99,1,41,1,02,412,615044,270844,2,,,,1,Nax,Y,145,175,0,,,,M,,,1.0,not DUD,2000
00IN04369,1999447212,T7212,44,T7212,99,2,42,1,02,822,585644,466644,2,,,,1,,2,106,107,2,,,,C,902,2,1.0,,2000
00IN04370,1999447213,T7213,44,T7213,99,1,ID,1,02,41T,644044,545044,I,,McR,,2,136,Y,166,197,0,,92,0921,I,,,1.0,CHK LF HOOF *,2000
00IN04371,1999447214,T7214,44,T7214,99,2,ID,1,02,41T,644044,545044,I,,,,1,,5,127,168,1,,,,I,43T,1,1.0,,2000
00IN04372,1999447216,T7216,44,T7216,99,3,42,1,02,822,585644,609444,2,,,,3,,*,0,0,0,,93,0110,C,,,1.0,T,2000
00IN04373,1999447217,T7217,44,T7217,99,2,42,1,02,832,593844,385844,2,,,,1,,5,131,156,1,,,,C,912,2,1.0,"ENTR,4TEATS",2000
00IN04374,1999447218,T7218,44,T7218,99,2,42,1,02,832,593844,385844,2,,,,1,,3,136,133,2,,,,C,802,2,1.0,4TEATS,2000
00IN04375,1999447219,T7219,44,T7219,99,2,41,1,02,412,615044,638244,2,,,,1,,2,146,127,2,,,,M,411,2,1.0,4TEATS,2000
00IN04376,1999447222,T7222,44,T7222,99,1,42,1,02,822,585644,622244,2,,,,1,Nax,Y,138,154,0,,,,C,,,1.0,,2000
00IN04377,1999447223,T7223,44,T7223,99,2,42,1,02,902,628544,450344,2,,,,6,,5,117,0,0,,16,0827,C,,,1.0,ON BACK,2000
00IN04378,1999447226,T7226,44,T7226,99,2,41,1,02,414,637244,370344,2,,,,1,SAV,2,149,137,2,,,,M,412,2,1.0,,2000
00IN04379,1999447227,T7227,44,T7227,99,2,41,1,02,414,637244,602244,2,,,,1,,2,128,129,2,,,,M,413,2,1.0,,2000
00IN04380,1999447231,T7231,44,T7231,99,2,ID,1,02,e.5,643144,651044,I,,,,1,,2,179,173,2,,,,I,43T,1,1.0,,2000
00IN04381,1999447232,T7232,44,T7232,99,2,41,1,02,411,595344,618044,2,,,,1,SAV,5,141,172,1,,,,M,414,2,1.0,,2000
00IN04382,1999447233,T7233,44,T7233,99,2,42,1,02,912,619144,429444,2,,,,1,,5,116,141,1,,,,C,812,2,1.0,,2000
00IN04383,1999447237,T7237,44,T7237,99,2,41,1,02,413,601644,537344,2,,,,1,,2,142,151,2,,,,M,411,2,1.0,4TEATS,2000
00IN04384,1999447240,T7240,44,T7240,99,2,42,1,02,812,522544,257344,2,,,,2, 64,5,107,137,1,,92,0921,C,,,1.0,4TEATS,2000
00IN04385,1999447242,T7242,44,T7242,99,2,41,1,02,411,595344,302044,2,,,,1,,1,113,123,2,,,,M,412,2,1.0,,2000
00IN04386,1999447247,T7247,44,T7247,99,2,41,1,02,412,615044,381444,2,,,,1,,3,138,147,2,,,,M,413,2,1.0,4TEATS,2000
00IN04387,1999447248,T7248,44,T7248,99,2,41,1,02,412,615044,381444,2,,,,1,,2,126,126,1,,,,M,414,2,1.0,4TEATS,2000
00IN04388,1999447249,T7249,44,T7249,99,2,42,1,02,802,559344,620244,2,,,,1,,5,115,144,1,,,,C,822,2,1.0,,2000
00IN04389,1999447258,T7258,44,T7258,99,1,ID,1,02,41T,644044,621844,I,,McR,,3,,Y,161,193,0,,93,0812,I,,,1.0,BIG,2000
00IN04390,1999447262,T7262,44,T7262,99,1,41,1,02,414,637244,624744,2,,,,1,Nax,Y,150,178,0,,,,M,,,1.0,,2000
00IN04391,1999447265,T7265,44,T7265,99,2,42,1,02,882,603644,542944,2,,,,1,,3,100,107,2,,,,C,832,2,1.0,,2000
00IN04392,1999447269,T7269,44,T7269,99,1,42,1,02,802,559344,256744,2,,,,1,Nax,Y,175,198,0,,,,C,,,1.0,"DUD, D6",2000
00IN04393,1999447276,T7276,44,T7276,99,1,41,1,02,414,637244,441544,2,,,,1,Nax,Y,155,185,0,,,,M,,,1.0,,2000
00IN04394,1999447280,T7280,44,T7280,99,2,42,1,02,902,628544,402844,2,,,,1,,2,114,123,1,,,,C,842,2,1.0,CHUNKY,2000
00IN04395,1999447283,T7283,44,T7283,99,2,42,1,02,832,593844,259544,2,,,,1,,2,119,110,2,,,,C,852,2,1.0,,2000
00IN04396,1999447284,T7284,44,T7284,99,1,42,1,02,832,593844,610944,2,,,,1,Nax,Y,136,158,0,,,,C,,,1.0,,2000
00IN04397,1999447286,T7286,44,T7286,99,2,41,1,02,414,637244,574444,2,,,,1,,2,141,137,2,,,,M,411,2,1.0,4TEATS,2000
00IN04398,1999447290,T7290,44,T7290,99,2,41,1,02,414,637244,551644,2,,,,1,,2,148,149,2,,,,M,412,2,1.0,4TEATS,2000
00IN04399,1999447299,T7299,44,T7299,99,2,41,1,02,411,595344,640044,2,,,,2, 63,5,128,166,1,,92,0921,M,,,1.0,,2000
00IN04400,1999447305,T7305,44,T7305,99,1,41,1,02,413,601644,496544,2,,,,1,Nax,Y,145,172,0,,,,M,,,1.0,,2000
00IN04401,1999447306,T7306,44,T7306,99,1,ID,1,02,42T,405200,327044,I,,ISA,,3,ISA,Y,149,176,0,,93,0812,I,,,1.0,GOITER,2000
00IN04402,1999447315,T7315,44,T7315,99,2,41,1,02,414,637244,520544,2,,,,2, 63,5,131,164,1,,92,0921,M,,,1.0,,2000
00IN04403,1999447317,T7317,44,T7317,99,1,41,1,02,414,637244,520544,2,,,,1,Nax,Y,161,198,0,,,,M,,,1.0,,2000
00IN04404,1999447318,T7318,44,T7318,99,2,41,1,02,413,601644,439544,2,,,,2, 64,5,132,147,1,,92,0921,M,,,1.0,4TEATS,2000
00IN04405,1999447320,T7320,44,T7320,99,1,41,1,02,411,595344,541144,2,,,,1,Nax,Y,150,173,0,,,,M,,,1.0,"R.TST,SMALL",2000
00IN04406,1999447321,T7321,44,T7321,99,2,41,1,02,411,595344,541144,2,,,,1,,1,139,144,2,,,,M,413,2,1.0,4TEATS,2000
00IN04407,1999447323,T7323,44,T7323,99,2,41,1,02,412,615044,496244,2,,,,1,,1,132,132,2,,,,M,414,2,1.0,TRT EYES '00,2000
00IN04408,1999447327,T7327,44,T7327,99,1,41,1,02,413,601644,494744,2,,,,1,Nax,Y,163,191,0,,,,M,,,1.0,"H3,BALD",2000
00IN04409,1999447330,T7330,44,T7330,99,1,42,1,02,912,619144,482444,2,,,,1,Nax,Y,151,174,0,,,,C,,,1.0,not DUD,2000
00IN04410,1999447339,T7339,44,T7339,99,2,42,1,02,812,522544,595744,2,,,,1,,5,109,129,1,,,,C,862,2,1.0,4TEATS,2000
00IN04411,1999447340,T7340,44,T7340,99,2,ID,1,02,43T,006400,315844,I,,,,2, 58,5,134,169,1,,92,0921,I,,,1.0,NICE,2000
00IN04412,1999447341,T7341,44,T7341,99,1,42,1,02,812,522544,608244,2,,,,1,Nax,Y,164,187,0,,,,C,,,1.0,,2000
00IN04413,1999447345,T7345,44,T7345,99,1,42,1,02,852,636644,268044,2,,,,1,Nax,Y,121,145,0,,,,C,,,1.0,,2000
00IN04414,1999447351,T7351,44,T7351,99,1,41,1,02,411,595344,525144,2,,,,1,Nax,Y,145,172,0,,,,M,,,1.0,,2000
00IN04415,1999447352,T7352,44,T7352,99,2,41,1,02,413,601644,471744,2,,,,2, 63,5,126,161,1,,92,0921,M,,,1.0,4TEATS,2000
00IN04416,1999447357,T7357,44,T7357,99,2,42,1,02,872,603244,491244,2,,,,1,,5,112,127,1,,,,C,882,2,1.0,,2000
00IN04417,1999447360,T7360,44,T7360,99,1,42,1,02,802,559344,404444,2,,,,1,Nax,Y,151,182,0,,,,C,,,1.0,,2000
00IN04418,1999447361,T7361,44,T7361,99,1,42,1,02,882,603644,396944,2,,,,1,Nax,Y,125,147,0,,,,C,,,1.0,"NICE, not DUD",2000
00IN04419,1999447362,T7362,44,T7362,99,2,42,1,02,882,603644,396944,2,,,,1,,5,108,144,1,,,,C,892,2,1.0,,2000
00IN04420,1999447366,T7366,44,T7366,99,2,ID,1,02,e.5,643144,647544,I,,,,1,,5,158,194,1,,,,I,43T,1,1.0,"GOITER,PNEU",2000
00IN04421,1999447369,T7369,44,T7369,99,1,42,1,02,832,593844,467044,2,,,,1,Nax,Y,133,154,0,,97,1106,C,,,1.0,MSG 11/6/00,2000
00IN04422,1999447370,T7370,44,T7370,99,2,42,1,02,832,593844,467044,2,,,,1,,5,112,141,1,,,,C,872,2,1.0,FIX BIG TAG**,2000
00IN04423,1999447371,T7371,44,T7371,99,2,42,1,02,812,522544,483044,2,,,,1,,5,122,150,1,,,,C,902,2,1.0,4TEATS,2000
00IN04424,1999447372,T7372,44,T7372,99,2,42,1,02,812,522544,483044,2,,,,1,,5,124,145,1,,,,C,912,2,1.0,4TEATS,2000
00IN04425,1999447374,T7374,44,T7374,99,2,42,1,02,902,628544,617344,2,,,,2, 65,5,101,122,1,,92,0921,C,,,1.0,RAT,2000
00IN04426,1999447375,T7375,44,T7375,99,2,42,1,02,832,593844,599744,2,,,,1,,5,93,122,1,,,,C,802,2,1.0,4TEATS,2000
00IN04427,1999447377,T7377,44,T7377,99,1,42,1,02,912,619144,504644,2,,,,1,Nax,Y,140,169,0,,,,C,,,1.0,4TEATS,2000
00IN04428,1999447389,T7389,44,T7389,99,2,42,1,02,812,522544,430544,2,,,,1,,5,117,150,1,,,,C,832,2,1.0,4TEATS,2000
00IN04429,1999447393,T7393,44,T7393,99,2,41,1,02,411,595344,387644,2,,,,1,,2,128,134,2,,,,M,412,2,1.0,PNEU,2000
00IN04430,1999447397,T7397,44,T7397,99,2,41,1,02,411,595344,587244,2,,,,1,,1,121,126,2,,,,M,413,2,1.0,,2000
00IN04431,1999447398,T7398,44,T7398,99,2,41,1,02,412,615044,556344,2,,,,2, 60,5,135,171,1,,92,0921,M,,,1.0,ENTR,2000
00IN04432,1999447400,T7400,44,T7400,99,2,42,1,02,832,593844,529944,2,,,,1,,5,128,151,1,,,,C,812,2,1.0,,2000
00IN04433,1999447403,T7403,44,T7403,99,2,42,1,02,872,603244,435644,2,,,,2, 65,5,101,129,1,,92,0921,C,,,1.0,BRN.LR.FOOT,2000
00IN04434,1999447404,T7404,44,T7404,99,2,41,1,02,411,595344,466444,2,,,,1,,2,147,162,2,,,,M,414,2,1.0,,2000
00IN04435,1999447406,T7406,44,T7406,99,2,42,1,02,802,559344,430444,2,,,,1,,5,119,142,1,,,,C,822,2,1.0,,2000
00IN04436,1999447407,T7407,44,T7407,99,1,42,1,02,802,559344,430444,2,,,,1,Nax,Y,155,174,0,,,,C,,,1.0,not DUD,2000
00IN04437,1999447408,T7408,44,T7408,99,2,42,1,02,852,636644,490744,2,,,,1,,5,104,128,1,,,,C,842,2,1.0,,2000
00IN04438,1999447415,T7415,44,T7415,99,2,42,1,02,872,603244,542544,2,,,,1,,5,96,121,1,,,,C,852,2,1.0,4TEATS,2000
00IN04439,1999447419,T7419,44,T7419,99,1,42,1,02,902,628544,578644,2,,,,1,Nax,Y,120,150,0,,,,C,,,1.0,"RUNT, not DUD",2000
00IN04440,1999447424,T7424,44,T7424,99,2,41,1,02,412,615044,550244,2,,,,1,,2,124,116,2,,,,M,411,2,1.0,RP ok,2000
00IN04441,1999447426,T7426,44,T7426,99,2,ID,1,02,41T,644044,334844,I,,,,1,,5,136,166,1,,,,I,41T,1,1.0,,2000
00IN04442,1999447430,T7430,44,T7430,99,2,41,1,02,414,637244,524044,2,,,,1,,2,159,148,2,,,,M,411,2,1.0,,2000
00IN04443,1999447432,T7432,44,T7432,99,2,41,1,02,411,595344,636444,2,,,,3,,5,144,182,1,,93,1002,M,,,1.0,SEV.DYSTOCIAx,2000
00IN04444,1999447434,T7434,44,T7434,99,2,41,1,02,414,637244,557044,2,,,,1,,2,131,122,4,,,,M,412,2,1.0,4TEATS,2000
00IN04445,1999447442,T7442,44,T7442,99,2,42,1,02,872,603244,626344,2,,,,3,,5,81,116,2,,93,1002,C,,,1.0,,2000
00IN04446,1999447444,T7444,44,T7444,99,2,41,1,02,412,615044,444844,2,,,,1,,2,142,159,2,,,,M,413,2,1.0,,2000
00IN04447,1999447445,T7445,44,T7445,99,2,41,1,02,412,615044,444844,2,,,,1,,2,135,145,2,,,,M,414,2,1.0,4TEATS,2000
00IN04448,1999447448,T7448,44,T7448,99,2,42,1,02,862,609744,520144,2,,,,1,,5,119,144,1,,,,C,872,2,1.0,,2000
00IN04449,1999447449,T7449,44,T7449,99,1,42,1,02,862,609744,520144,2,,,,1,Nax,Y,138,164,0,,,,C,,,1.0,not DUD,2000
00IN04450,1999447454,T7454,44,T7454,99,2,42,1,02,892,603244,477944,2,,,,1,,2,112,131,2,,,,C,862,2,1.0,4TEATS,2000
00IN04451,1999447456,T7456,44,T7456,99,1,42,1,02,872,603244,274044,2,,,,1,Nax,Y,126,156,0,,,,C,,,1.0,,2000
00IN04452,1999447459,T7459,44,T7459,99,2,41,1,02,414,637244,585844,2,,,,2, 62,5,126,155,1,,92,0921,M,,,1.0,4TEATS,2000
00IN04453,1999447460,T7460,44,T7460,99,2,41,1,02,414,637244,585844,2,,,,2, 60,5,136,175,1,,92,0921,M,,,1.0,,2000
00IN04454,1999447465,T7465,44,T7465,99,2,42,1,02,802,559344,551744,2,,,,1,,5,112,149,1,,,,C,882,2,1.0,"GOITER,4TEATS",2000
00IN04455,1999447470,T7470,44,T7470,99,1,41,1,02,411,595344,423644,2,,,,1,Nax,M,173,210,0,,,,M,,,1.0,not DUD,2000
00IN04456,1999447474,T7474,44,T7474,99,2,42,1,02,822,585644,382644,2,,,,2, 65,5,92,125,1,,92,0921,C,,,1.0,,2000
00IN04457,1999447479,T7479,44,T7479,99,2,42,1,02,912,619144,526444,2,,,,1,,5,120,148,1,,,,C,892,2,1.0,4TEATS,2000
00IN04458,1999447480,T7480,44,T7480,99,1,42,1,02,912,619144,526444,2,,,,1,Nax,Y,122,152,0,,,,C,,,1.0,SM. TSTS,2000
00IN04459,1999447481,T7481,44,T7481,99,1,42,1,02,842,639044,613144,2,,,,1,Nax,Y,108,141,0,,,,C,,,1.0,"DUD, D6",2000
00IN04460,1999447482,T7482,44,T7482,99,1,41,1,02,412,615044,239144,2,,,,1,Nax,Y,183,211,0,,,,M,,,1.0,DUD,2000
00IN04461,1999447486,T7486,44,T7486,99,2,00,1,32,e.P,000004,655644,2,,,,3,PUB,*,0,0,0,,93,0110,P,,,1.0,FOUND 11/2/99,2000
00IN04462,1999447490,T7490,44,T7490,99,2,41,1,02,413,601644,635044,2,,,,2, 61,5,126,152,1,,92,0921,M,,,1.0,,2000
00IN04463,1999447491,T7491,44,T7491,99,2,41,1,02,413,601644,635044,2,,,,2, 62,5,124,148,1,,92,0921,M,,,1.0,BRN.EARS,2000
00IN04464,1999447493,T7493,44,T7493,99,2,41,1,02,414,637244,436644,2,,,,7,,1,159,0,0,,97,0915,M,,,1.0,4TEATS,2000
00IN04465,1999447497,T7497,44,T7497,99,2,41,1,02,411,595344,425744,2,,,,1,,5,138,163,1,,,,M,412,2,1.0,,2000
00IN04466,1999447498,T7498,44,T7498,99,1,41,1,02,411,595344,425744,2,,,,1,Nax,Y,150,168,0,,,,M,,,1.0,,2000
00IN04467,1999447501,T7501,44,T7501,99,1,42,1,02,832,593844,409944,2,,,,1,Nax,Y,141,169,0,,,,C,,,1.0,not DUD,2000
00IN04468,1999447504,T7504,44,T7504,99,1,41,1,02,413,601644,522344,2,,,,1,Nax,Y,147,177,0,,,,M,,,1.0,"X, OFF TYPE",2000
00IN04469,1999447511,T7511,44,T7511,99,2,41,1,02,413,601644,551544,2,,,,1,,3,142,131,2,,,,M,411,2,1.0,DYSTOCIA,2000
00IN04470,1999447513,T7513,44,T7513,99,1,ID,1,02,42T,405200,555744,I,,ISA,,2,133,Y,147,182,0,,92,0921,I,,,1.0,,2000
00IN04471,1999447514,T7514,44,T7514,99,1,ID,1,02,42T,405200,555744,I,,ISA,,2,LIB,Y,163,188,0,I,,,I,,,1.0,DUD,2000
00IN04472,1999447517,T7517,44,T7517,99,2,42,1,02,912,619144,402344,2,,,,1,,5,114,136,1,,,,C,902,2,1.0,,2000
00IN04473,1999447520,T7520,44,T7520,99,2,41,1,02,411,595344,480244,2,,,,1,,2,133,133,2,,,,M,413,2,1.0,,2000
00IN04474,1999447521,T7521,44,T7521,99,1,41,1,02,411,595344,480244,2,,,,1,Nax,Y,178,210,0,,,,M,,,1.0,RCVR,2000
00IN04475,1999447522,T7522,44,T7522,99,2,42,1,02,892,603244,495744,2,,,,1,,5,91,110,1,,,,C,912,2,1.0,,2000
00IN04476,1999447525,T7525,44,T7525,99,2,42,1,02,832,593844,433144,2,,,,2, 64,5,96,132,1,,92,0921,C,,,1.0,4TEATS,2000
00IN04477,1999447526,T7526,44,T7526,99,1,41,1,02,413,601644,567944,2,,,,1,Nax,Y,135,163,0,,,,M,,,1.0,DUD,2000
00IN04478,1999447527,T7527,44,T7527,99,1,41,1,02,413,601644,567944,2,,,,1,Nax,Y,146,186,0,,,,M,,,1.0,"RCVR, DUD",2000
00IN04479,1999447530,T7530,44,T7530,99,2,42,1,02,912,619144,608144,2,,,,1,,5,124,165,1,,,,C,802,2,1.0,,2000
00IN04480,1999447531,T7531,44,T7531,99,1,42,1,02,862,609744,412544,2,,,,1,Nax,Y,137,171,0,,,,C,,,1.0,,2000
00IN04481,1999447540,T7540,44,T7540,99,2,42,1,02,842,639044,531144,2,,,,1,,5,114,132,1,,,,C,812,2,1.0,,2000
00IN04482,1999447542,T7542,44,T7542,99,2,41,1,02,412,615044,426344,2,,,,1,,3,171,148,2,,,,M,414,2,1.0,,2000
00IN04483,1999447543,T7543,44,T7543,99,1,42,1,02,892,603244,426244,2,,,,1,Nax,Y,137,159,0,,,,C,,,1.0,,2000
00IN04484,1999447544,T7544,44,T7544,99,2,42,1,02,892,603244,426244,2,,,,1,,5,94,122,1,,,,C,822,2,1.0,4TEATS,2000
00IN04485,1999447552,T7552,44,T7552,99,2,42,1,02,872,603244,417344,2,,,,1,,2,99,99,2,,,,C,832,2,1.0,,2000
00IN04486,1999447556,T7556,44,T7556,99,1,41,1,02,412,615044,534244,2,,,,1,Nax,Y,159,188,0,,,,M,,,1.0,PNEU,2000
00IN04487,1999447559,T7559,44,T7559,99,2,ID,1,02,e.4,550544,647944,I,,,,2, 59,5,128,151,1,,92,0921,I,,,1.0,4TEATS,2000
00IN04488,1999447560,T7560,44,T7560,99,2,42,1,02,892,603244,526044,2,,,,1,,5,120,145,1,,,,C,842,2,1.0,4TEATS,2000
00IN04489,1999447563,T7563,44,T7563,99,2,42,1,02,802,559344,505244,2,,,,7,.,5,97,0,0,,97,0915,C,,,1.0,,2000
00IN04490,1999447569,T7569,44,T7569,99,2,41,1,02,411,595344,498044,2,,,,1,,5,136,165,1,,,,M,412,2,1.0,,2000
00IN04491,1999447570,T7570,44,T7570,99,1,42,1,02,872,603244,522444,2,,,,1,Nax,Y,156,172,0,,,,C,,,1.0,not DUD,2000
00IN04492,1999447581,T7581,44,T7581,99,2,41,1,02,412,615044,570344,2,,,,1,,5,153,183,1,,,,M,411,2,1.0,,2000
00IN04493,1999447582,T7582,44,T7582,99,2,41,1,02,412,615044,570344,2,,,,1,,2,109,121,2,,,,M,413,2,1.0,DYSTOCIA ok,2000
00IN04494,1999447584,T7584,44,T7584,99,2,42,1,02,892,603244,277544,2,,,,2, 65,5,98,123,1,,92,0921,C,,,1.0,,2000
00IN04495,1999447587,T7587,44,T7587,99,2,42,1,02,842,639044,433544,2,,,,1,,5,112,145,1,,,,C,852,2,1.0,,2000
00IN04496,1999447588,T7588,44,T7588,99,2,42,1,02,842,639044,433544,2,,,,1,,5,113,133,1,,,,C,862,2,1.0,,2000
00IN04497,1999447589,T7589,44,T7589,99,1,41,1,02,414,637244,383844,2,,,,1,Nax,Y,155,184,0,,,,M,,,1.0,,2000
00IN04498,1999447594,T7594,44,T7594,99,2,41,1,02,414,637244,532044,2,,,,1,,5,146,185,1,,,,M,411,2,1.0,4TEATS,2000
00IN04499,1999447601,T7601,44,T7601,99,2,42,1,02,802,559344,527044,2,,,,1,,5,114,138,1,,,,C,872,2,1.0,,2000
00IN04500,1999447602,T7602,44,T7602,99,2,41,1,02,412,615044,601744,2,,,,1,,5,136,170,1,,,,M,414,2,1.0,,2000
00IN04501,1999447610,T7610,44,T7610,99,2,41,1,02,412,615044,521544,2,,,,1,,5,143,167,1,,,,M,411,2,1.0,4TEATS,2000
00IN04502,1999447621,T7621,44,T7621,99,1,42,1,02,872,603244,392844,2,,,,1,Nax,Y,130,150,0,,,,C,,,1.0,BIG,2000
00IN04503,1999447624,T7624,44,T7624,99,2,42,1,02,882,603644,604144,2,,,,2, 65,5,104,125,1,,92,0921,C,,,1.0,,2000
00IN04504,1999447626,T7626,44,T7626,99,2,41,1,02,411,595344,441644,2,,,,1,,2,121,131,2,,,,M,414,2,1.0,,2000
00IN04505,1999447627,T7627,44,T7627,99,2,42,1,02,852,636644,624044,2,,,,1,,5,107,135,1,,,,C,882,2,1.0,,2000
00IN04506,1999447630,T7630,44,T7630,99,1,41,1,02,414,637244,568244,2,,,,1,Nax,Y,191,219,0,,,,M,,,1.0,,2000
00IN04507,1999447633,T7633,44,T7633,99,2,41,1,02,414,637244,460444,2,,,,1,,5,140,171,1,,,,M,413,2,1.0,,2000
00IN04508,1999447634,T7634,44,T7634,99,1,41,1,02,414,637244,460444,2,,,,1,Nax,Y,166,194,0,,,,M,,,1.0,"DUD, D6",2000
00IN04509,1999447637,T7637,44,T7637,99,2,42,1,02,862,609744,491344,2,,,,1,,5,112,146,1,,,,C,892,2,1.0,4TEATS,2000
00IN04510,1999447639,T7639,44,T7639,99,1,ID,1,02,43T,006400,373944,I,,KK,,1,KK,Y,200,229,0,I,,,I,,,1.0,"TB1, not DUD",2000
00IN04511,1999447642,T7642,44,T7642,99,1,42,1,02,852,636644,566844,2,,,,1,Nax,Y,121,155,0,,,,C,,,1.0,,2000
00IN04512,1999447643,T7643,44,T7643,99,1,41,1,02,414,637244,398344,2,,,,1,Nax,Y,157,187,0,,,,M,,,1.0,DUD,2000
00IN04513,1999447653,T7653,44,T7653,99,2,42,1,02,842,639044,623444,2,,,,1,,2,115,120,2,,,,C,902,2,1.0,,2000
00IN04514,1999447657,T7657,44,T7657,99,1,42,1,02,882,603644,523544,2,,,,1,Nax,Y,127,141,0,,,,C,,,1.0,,2000
00IN04515,1999447662,T7662,44,T7662,99,2,42,1,02,852,636644,535944,2,,,,2, 64,5,92,134,1,,92,0921,C,,,1.0,4TEATS,2000
00IN04516,1999447665,T7665,44,T7665,99,2,42,1,02,862,609744,389444,2,,,,3,,5,72,105,1,,93,1002,C,,,1.0,,2000
00IN04517,1999447666,T7666,44,T7666,99,2,42,1,02,862,609744,389444,2,,,,1,,2,127,135,2,,,,C,912,2,1.0,,2000
00IN04518,1999447673,T7673,44,T7673,99,2,42,1,02,912,619144,593744,2,,,,7,,5,113,0,0,,97,0915,C,,,1.0,,2000
00IN04519,1999447675,T7675,44,T7675,99,1,42,1,02,852,636644,613744,2,,,,1,Nax,Y,138,166,0,,,,C,,,1.0,not DUD,2000
00IN04520,1999815342,Z5342,81,Z5342,99,3,00,1,00,57,000000,315304,2,,,,3,,*,0,0,0,,93,0110,.,,,1.0,T,2000
00IN04521,1999815369,Z5369,81,Z5369,99,3,00,1,00,56,000000,420581,2,,,,3,,*,0,0,0,,93,0110,.,,,1.0,T,2000
00IN04522,1999815379,Z5379,81,Z5379,99,3,00,1,00,56,930263,362804,2,,NN,,3,,*,0,0,0,,93,0110,H,,,1.0,,2000
00IN04523,1999815383,Z5383,81,Z5383,99,3,00,1,00,56,930263,411681,2,,CN,,3,CPG,*,0,0,0,,93,0203,H,,,1.0,,2000
00IN04524,1999815386,Z5386,81,Z5386,99,2,97,1,97,971,367781,399981,0,,,,7,,5,171,0,0,,97,1005,.,,,1.0,ENTR,2000
00IN04525,1999815387,Z5387,81,Z5387,99,1,97,1,97,971,367781,399981,0,,,,3,,Y,223,232,0,,93,0812,.,,,1.0,R.ORCHITIS,2000
00IN04526,1999815388,Z5388,81,Z5388,99,2,97,1,97,971,367781,159981,0,,,,1,,B,157,193,2,,,,.,971,1,1.0,ENTR,2000
00IN04527,1999815389,Z5389,81,Z5389,99,2,97,1,97,971,367781,159981,0,,,,1,,5,162,192,1,,,,.,971,1,1.0,,2000
00IN04528,1999815390,Z5390,81,Z5390,99,3,97,1,97,972,367981,330181,0,,,,3,MCF,*,0,0,0,,93,0110,M,,,1.0,wether,2000
00IN04529,1999815391,Z5391,81,Z5391,99,3,97,1,97,972,367981,330181,0,,,,3,MCF,*,0,0,0,,93,0110,M,,,1.0,wether,2000
00IN04530,1999815392,Z5392,81,Z5392,99,2,ch,1,00,-0-,000044,327704,2,,,,1,,1,155,151,1,,,,h,BF,3,1.0,,2000
00IN04531,1999815396,Z5396,81,Z5396,99,2,ch,1,00,-0-,000044,405281,2,,,,1,,2,105,119,2,,,,c,BF,3,1.0,"FX.RIBS,LEFT",2000
00IN04532,1999815398,Z5398,81,Z5398,99,3,00,1,00,56,930263,532810,2,,CN,,3,CPG,*,0,0,0,,93,0203,H,,,1.0,,2000
00IN04533,1999815399,Z5399,81,Z5399,99,3,00,1,00,56,930263,532810,2,,CN,,6,PIN,*,0,0,0,,95,0321,H,,,1.0,,2000
00IN04534,1999815401,Z5401,81,Z5401,99,2,ch,1,00,-0-,000044,309804,2,,,,1,,2,105,120,2,,,,c,BF,3,1.0,,2000
00IN04535,1999815402,Z5402,81,Z5402,99,2,ch,1,00,-0-,000044,309804,2,,,,1,,2,128,129,1,,,,c,BF,3,1.0,"RP ok,WILD ok",2000
00IN04536,1999815403,Z5403,81,Z5403,99,2,ch,1,32,-0-,000044,228304,2,,,,1,,1,126,133,2,,,,h,BF,3,1.0,"BLK.DOT,LFLEG",2000
00IN04537,1999815404,Z5404,81,Z5404,99,2,ch,1,32,-0-,000044,228304,2,,,,1,,1,105,120,2,,,,h,BF,3,1.0,4TEATS,2000
00IN04538,1999815406,Z5406,81,Z5406,99,2,97,1,97,971,367781,395281,0,,,,1,,B,191,193,2,,,,.,971,1,1.0,WEAK,2000
00IN04539,1999815407,Z5407,81,Z5407,99,1,97,1,97,971,367781,402281,0,,,,1,,Y,178,225,0,,,,.,,,1.0,"ABS.R.JAW,chk",2000
00IN04540,1999815409,Z5409,81,Z5409,99,1,ch,1,02,-0-,000044,500244,2,,,,1,Nax,Y,152,186,0,,,,h,,,1.0,ENTR,2000
00IN04541,1999815410,Z5410,81,Z5410,99,3,00,1,00,56,930263,322904,2,,CN,,3,CPG,*,0,0,0,,93,0203,H,,,1.0,,2000
00IN04542,1999815414,Z5414,81,Z5414,99,2,ch,1,32,-0-,000044,323104,2,,,,1,,1,114,133,1,,,,h,BF,3,1.0,,2000
00IN04543,1999815415,Z5415,81,Z5415,99,1,ch,1,32,-0-,000044,323104,2,,,,1,Nax,Y,160,195,0,,,,h,,,1.0,,2000
00IN04544,1999815418,Z5418,81,Z5418,99,1,ch,1,32,-0-,000044,503544,2,,,,6,Nax,*,0,0,0,,16,0210,h,,,1.0,MSG 2/23/00,2000
00IN04545,1999815419,Z5419,81,Z5419,99,2,ch,1,32,-0-,000044,503544,2,,,,1,,1,130,142,2,,,,h,BF,3,1.0,,2000
00IN04546,1999815420,Z5420,81,Z5420,99,1,ch,1,32,-0-,000044,497744,2,,,,1,Nax,Y,152,176,0,,,,h,,,1.0,,2000
00IN04547,1999815421,Z5421,81,Z5421,99,2,ch,1,32,-0-,000044,497744,2,,,,1,,1,123,136,2,,,,h,BF,3,1.0,,2000
00IN04548,1999815424,Z5424,81,Z5424,99,2,ch,1,00,-0-,000044,254804,2,,,,1,,2,105,118,2,,,,h,BF,3,1.0,,2000
00IN04549,1999815429,Z5429,81,Z5429,99,1,ch,1,00,-0-,000044,413181,2,,,,1,Nax,Y,112,143,0,,,,h,,,1.0,F5,2000
00IN04550,1999815431,Z5431,81,Z5431,99,2,00,1,00,e11,932063,469881,2,,CN,,3,,*,0,0,0,,93,0110,H,,,1.0,GOITER,2000
00IN04551,1999815432,Z5432,81,Z5432,99,1,ch,1,00,-0-,000044,418781,2,,,,1,Nax,Y,150,171,0,,,,h,,,1.0,4TEATS,2000
00IN04552,1999815434,Z5434,81,Z5434,99,1,ch,1,32,-0-,000044,422881,2,,,,1,Nax,Y,165,184,0,,,,h,,,1.0,DUD,2000
00IN04553,1999815437,Z5437,81,Z5437,99,3,97,1,97,WSU,356981,402681,0,,,,3,MCF,*,0,0,0,,93,0110,M,,,1.0,wether,2000
00IN04554,1999815439,Z5439,81,Z5439,99,2,00,1,00,55,930163,351604,2,,CN,,3,,*,0,0,0,,93,0110,H,,,1.0,,2000
00IN04555,1999815442,Z5442,81,Z5442,99,1,ch,1,01,-0-,000044,757610,2,,,,1,Nax,Y,166,197,0,,,,h,,,1.0,,2000
00IN04556,1999815450,Z5450,81,Z5450,99,1,ch,1,32,-0-,000044,124004,2,,,,1,Nax,Y,168,197,0,,,,h,,,1.0,,2000
00IN04557,1999815451,Z5451,81,Z5451,99,1,ch,1,32,-0-,000044,124004,2,,,,1,Nax,Y,187,209,0,,,,h,,,1.0,DUD,2000
00IN04558,1999815457,Z5457,81,Z5457,99,2,97,1,97,972,367981,400381,0,,,,3,,B,155,188,1,X,93,1030,.,,,1.0,DYSTOCIA,2000
00IN04559,1999815460,Z5460,81,Z5460,99,1,ch,1,00,-0-,000044,255904,2,,,,1,Nax,Y,159,188,0,,,,h,,,1.0,,2000
00IN04560,1999815461,Z5461,81,Z5461,99,2,ch,1,00,-0-,000044,255904,2,,,,1,,1,119,157,2,,,,h,BF,3,1.0,,2000
00IN04561,1999815467,Z5467,81,Z5467,99,1,97,1,97,972,367981,326081,0,,,,3,,Y,178,201,0,,93,0812,.,,,1.0,H4 < chk,2000
00IN04562,1999815470,Z5470,81,Z5470,99,2,97,1,97,WSU,356981,401481,0,,,,3,MCF,*,0,0,0,,93,0110,M,,,1.0,,2000
00IN04563,1999815472,Z5472,81,Z5472,99,2,97,1,97,971,367781,393281,0,,,,1,,5,166,204,1,,,,.,971,1,1.0,4TEATS,2000
00IN04564,1999815476,Z5476,81,Z5476,99,1,97,1,97,971,367781,357281,0,,,,1,,Y,197,221,0,,,,.,,,1.0,,2000
00IN04565,1999815484,Z5484,81,Z5484,99,2,ch,1,32,-0-,000044,562644,2,,,,1,,2,105,119,1,,,,h,BF,3,1.0,"ENTR,4TEATS",2000
00IN04566,1999815485,Z5485,81,Z5485,99,1,ch,1,32,-0-,000044,562644,2,,,,1,Nax,Y,125,147,0,,,,h,,,1.0,,2000
00IN04567,1999815486,Z5486,81,Z5486,99,1,ch,1,32,-0-,000044,308904,2,,,,1,Nax,Y,180,197,0,,,,h,,,1.0,PNEU,2000
00IN04568,1999815487,Z5487,81,Z5487,99,2,ch,1,32,-0-,000044,422781,2,,,,1,,2,126,124,1,,,,h,BF,3,1.0,,2000
00IN04569,1999815488,Z5488,81,Z5488,99,1,ch,1,32,-0-,000044,422781,2,,,,1,Nax,Y,146,171,0,,,,h,,,1.0,,2000
00IN04570,1999815489,Z5489,81,Z5489,99,1,ch,1,32,-0-,000044,236604,2,,,,1,Nax,Y,157,188,0,,,,h,,,1.0,,2000
00IN04571,1999815490,Z5490,81,Z5490,99,2,ch,1,32,-0-,000044,236604,2,,,,1,,2,131,135,1,,,,h,BF,3,1.0,,2000
00IN04572,1999815494,Z5494,81,Z5494,99,1,97,1,97,971,367781,366181,0,,,,3,,*,0,0,0,X,93,0306,.,,,1.0,"X, EPI",2000
00IN04573,1999815496,Z5496,81,Z5496,99,2,00,1,00,57,938563,408781,2,,NN,,3,,*,0,0,0,,93,0110,H,,,1.0,CLPG1,2000
00IN04574,1999815498,Z5498,81,Z5498,99,3,00,1,00,57,938563,532844,2,,NN,,3,,*,0,0,0,,93,0110,H,,,1.0,,2000
00IN04575,1999815500,Z5500,81,Z5500,99,3,00,1,00,57,938563,532844,2,,NN,,3,PIN,*,0,0,0,,93,0403,H,,,1.0,,2000
00IN04576,1999815501,Z5501,81,Z5501,99,2,97,1,97,972,367981,393581,0,,,,1,MCF,5,189,224,1,,,,M,971,1,1.0,ENTR,2000
00IN04577,1999815506,Z5506,81,Z5506,99,3,00,1,00,55,930163,286104,2,,CN,,3,CPG,*,0,0,0,,93,0203,H,,,1.0,,2000
00IN04578,1999815507,Z5507,81,Z5507,99,1,ch,1,00,-0-,000044,419481,2,,,,1,Nax,Y,155,192,0,,,,c,,,1.0,,2000
00IN04579,1999815510,Z5510,81,Z5510,99,1,ch,1,00,-0-,000044,394281,2,,,,7,Nax,Y,177,151,0,,97,0727,h,,,1.0,MSG 7/27/00,2000
00IN04580,1999815514,Z5514,81,Z5514,99,2,00,1,00,55,930163,222304,2,,NN,,3,,*,0,0,0,,93,0110,H,,,1.0,,2000
00IN04581,1999815515,Z5515,81,Z5515,99,2,00,1,00,e11,932063,468881,2,,CN,,3,,*,0,0,0,,93,0110,H,,,1.0,,2000
00IN04582,1999815519,Z5519,81,Z5519,99,1,ch,1,32,-0-,000044,326404,2,,,,1,Nax,Y,132,158,0,,,,h,,,1.0,H4+,2000
00IN04583,1999815521,Z5521,81,Z5521,99,2,97,1,97,972,367981,405581,0,,,,1,,5,183,215,1,,,,.,972,1,1.0,,2000
00IN04584,1999815522,Z5522,81,Z5522,99,1,ch,1,00,-0-,000044,412381,2,,,,1,Nax,Y,120,151,0,,,,c,,,1.0,,2000
00IN04585,1999815527,Z5527,81,Z5527,99,2,97,1,97,WSU,356981,391881,0,,,,3,MCF,B,122,152,1,X,93,1030,M,,,1.0,"WEAK,GAUNT",2000
00IN04586,1999815529,Z5529,81,Z5529,99,1,ch,1,00,-0-,000044,240204,2,,,,6,Nax,*,0,0,0,,04,0113,c,,,1.0,MSG 2/23/00,2000
00IN04587,1999815530,Z5530,81,Z5530,99,1,ch,1,00,-0-,000044,240204,2,,,,1,Nax,Y,126,155,0,,,,c,,,1.0,SM. TSTS,2000
00IN04588,1999815532,Z5532,81,Z5532,99,2,97,1,97,972,367981,135681,0,,,,7,MCF,B,181,0,0,,97,1005,M,,,1.0,DYSTOCIA,2000
00IN04589,1999815536,Z5536,81,Z5536,99,1,ch,1,00,-0-,000044,422481,2,,,,1,Nax,Y,139,142,0,,,,h,,,1.0,,2000
00IN04590,1999815537,Z5537,81,Z5537,99,1,ch,1,00,-0-,000044,422481,2,,,,1,Nax,Y,159,183,0,,,,h,,,1.0,,2000
00IN04591,1999815538,Z5538,81,Z5538,99,1,ch,1,01,-0-,000044,532310,2,,,,1,Nax,Y,139,165,0,,,,h,,,1.0,,2000
00IN04592,1999815539,Z5539,81,Z5539,99,1,ch,1,01,-0-,000044,532310,2,,,,1,Nax,Y,153,178,0,,,,h,,,1.0,,2000
00IN04593,1999815543,Z5543,81,Z5543,99,2,97,1,97,WSU,356981,393081,0,,,,3,MCF,*,0,0,0,,93,0110,M,,,1.0,WEAK,2000
00IN04594,1999815544,Z5544,81,Z5544,99,2,ch,1,00,-0-,000044,435081,2,,,,1,,1,107,131,2,,,,c,BF,3,1.0,,2000
00IN04595,1999815547,Z5547,81,Z5547,99,2,ch,1,32,-0-,000044,305304,2,,,,1,,2,140,156,2,,,,h,BF,3,1.0,ENTR,2000
00IN04596,1999815548,Z5548,81,Z5548,99,2,ch,1,00,-0-,000044,419381,2,,,,1,,1,117,135,1,,,,h,BF,3,1.0,,2000
00IN04597,1999815551,Z5551,81,Z5551,99,2,97,1,97,971,367781,294081,0,,,,1,MCF,B,137,171,1,,,,M,971,1,1.0,"WEAK,JAW5",2000
00IN04598,1999815554,Z5554,81,Z5554,99,1,97,1,97,972,367981,394681,0,,,,1,,Y,183,220,0,,,,.,,,1.0,"GOITER,ENTR",2000
00IN04599,1999815555,Z5555,81,Z5555,99,3,00,1,00,e11,932063,470881,2,,CN,,3,CPG,*,0,0,0,,93,0203,H,,,1.0,,2000
00IN04600,1999815557,Z5557,81,Z5557,99,2,97,1,97,WSU,356981,401781,0,,,,1,MCF,B,164,173,2,,,,M,971,1,1.0,GOOD,2000
00IN04601,1999815558,Z5558,81,Z5558,99,1,ch,1,00,-0-,000044,257004,2,,,,1,Nax,Y,154,169,0,,,,c,,,1.0,,2000
00IN04602,1999815559,Z5559,81,Z5559,99,2,ch,1,00,-0-,000044,257004,2,,,,1,,2,135,139,2,,,,c,BF,3,1.0,BRN.EARS,2000
00IN04603,1999815560,Z5560,81,Z5560,99,1,97,1,97,971,367781,401581,0,,,,1,,Y,223,242,0,,,,.,,,1.0,"GOITER,WEAK",2000
00IN04604,1999815570,Z5570,81,Z5570,99,3,00,1,00,55,930163,247704,2,,CN,,3,,*,0,0,0,,93,0110,H,,,1.0,,2000
00IN04605,1999815572,Z5572,81,Z5572,99,2,ch,1,32,-0-,000044,115404,2,,,,1,,1,111,131,2,,,,h,BF,3,1.0,,2000
00IN04606,1999815574,Z5574,81,Z5574,99,2,97,1,97,971,367781,360081,0,,,,1,,B,175,185,2,,,,.,971,1,1.0,"GOITER,ENTR",2000
00IN04607,1999815580,Z5580,81,Z5580,99,2,00,1,00,56,930263,236704,2,,NN,,3,,*,0,0,0,,93,0110,H,,,1.0,4TEATS,2000
00IN04608,1999815582,Z5582,81,Z5582,99,1,ch,1,02,-0-,000044,492144,2,,,,1,Nax,Y,130,154,0,,,,h,,,1.0,,2000
00IN04609,1999815583,Z5583,81,Z5583,99,1,ch,1,02,-0-,000044,492144,2,,,,1,Nax,Y,142,172,0,,,,h,,,1.0,,2000
00IN04610,1999815585,Z5585,81,Z5585,99,2,ch,1,32,-0-,000044,325104,2,,,,1,,2,116,114,2,,,,h,BF,3,1.0,DYSTOCIA,2000
00IN04611,1999815586,Z5586,81,Z5586,99,1,ch,1,32,-0-,000044,325104,2,,,,1,Nax,Y,139,164,0,,,,h,,,1.0,,2000
00IN04612,1999815589,Z5589,81,Z5589,99,1,ch,1,00,-0-,000044,425781,2,,,,1,Nax,Y,144,170,0,,,,h,,,1.0,,2000
00IN04613,1999815590,Z5590,81,Z5590,99,2,ch,1,00,-0-,000044,425781,2,,,,1,,2,96,110,1,,,,h,BF,3,1.0,,2000
00IN04614,1999815591,Z5591,81,Z5591,99,2,97,1,97,972,367981,326481,0,,,,1,MCF,5,188,221,1,,,,M,972,1,1.0,CONT.TENDONS,2000
00IN04615,1999815592,Z5592,81,Z5592,99,2,97,1,97,972,367981,326481,0,,,,1,MCF,B,158,161,2,,,,M,972,1,1.0,DYSTOCIA ok,2000
00IN04616,1999815597,Z5597,81,Z5597,99,2,97,1,97,WSU,356981,402381,0,,,,6,MCF,B,142,0,0,,46,1003,M,,,1.0,,2000
00IN04617,1999815598,Z5598,81,Z5598,99,2,00,1,00,55,930163,230004,2,,CN,,3,,*,0,0,0,,93,0110,H,,,1.0,,2000
00IN04618,1999815603,Z5603,81,Z5603,99,2,ch,1,02,-0-,000044,433381,2,,,,1,,1,99,119,2,,,,c,BF,3,1.0,,2000
00IN04619,1999815604,Z5604,81,Z5604,99,2,ch,1,02,-0-,000044,578344,2,,,,1,,2,135,141,2,,,,c,BF,3,1.0,4TEATS,2000
00IN04620,1999815605,Z5605,81,Z5605,99,3,00,1,00,57,938563,233004,2,,CN,,6,PIN,*,0,0,0,,95,0321,H,,,1.0,,2000
00IN04621,1999815609,Z5609,81,Z5609,99,1,ch,1,02,-0-,000044,493544,2,,,,7,Nax,Y,132,0,0,,97,0711,h,,,1.0,"MSG,7/11/00",2000
00IN04622,1999815610,Z5610,81,Z5610,99,1,ch,1,02,-0-,000044,493544,2,,,,1,Nax,Y,118,151,0,,,,h,,,1.0,,2000
00IN04623,1999815612,Z5612,81,Z5612,99,3,00,1,00,57,938563,324904,2,,CN,,6,PIN,*,0,0,0,,95,0321,H,,,1.0,"ENTR,HAIRY",2000
00IN04624,1999815613,Z5613,81,Z5613,99,1,97,1,97,972,367981,404781,0,,,,1,,Y,174,199,0,,93,1030,.,,,1.0,DEAD SPERM,2000
00IN04625,1999815614,Z5614,81,Z5614,99,1,ch,1,32,-0-,000044,422844,2,,,,1,Nax,Y,184,206,0,,,,h,,,1.0,,2000
00IN04626,1999815616,Z5616,81,Z5616,99,2,97,1,97,972,367981,406181,0,,,,1,,B,168,180,2,,12,1210,.,972,1,1.0,,2000
00IN04627,1999815617,Z5617,81,Z5617,99,2,97,1,97,972,367981,406181,0,,,,1,,5,162,202,1,,,,.,972,1,1.0,ENTR,2000
00IN04628,1999815619,Z5619,81,Z5619,99,3,00,1,00,56,930263,313204,2,,NN,,3,PIN,*,0,0,0,,93,0403,H,,,1.0,,2000
00IN04629,1999815620,Z5620,81,Z5620,99,3,00,1,00,56,930263,313204,2,,CN,,3,,*,0,0,0,,93,0110,H,,,1.0,BLK.THIGH,2000
00IN04630,1999815621,Z5621,81,Z5621,99,1,ch,1,32,-0-,000044,504544,2,,,,1,Nax,Y,153,179,0,,,,h,,,1.0,,2000
00IN04631,1999815627,Z5627,81,Z5627,99,2,ch,1,32,-0-,000044,488344,2,,,,1,,1,125,134,1,,,,h,BF,3,1.0,ENTR,2000
00IN04632,1999815628,Z5628,81,Z5628,99,2,ch,1,32,-0-,000044,488344,2,,,,1,,1,86,105,2,,,,h,BF,3,1.0,,2000
00IN04633,1999815631,Z5631,81,Z5631,99,2,00,1,00,57,938563,344504,2,,CN,,3,,*,0,0,0,,93,0110,H,,,1.0,HAIRY,2000
00IN04634,1999815632,Z5632,81,Z5632,99,3,00,1,00,57,938563,402881,2,,NN,,3,,*,0,0,0,,93,0110,H,,,1.0,,2000
00IN04635,1999815636,Z5636,81,Z5636,99,2,00,1,00,56,930263,236404,2,,NN,,3,,*,0,0,0,,93,0110,H,,,1.0,,2000
00IN04636,1999815639,Z5639,81,Z5639,99,2,97,1,97,972,367981,395681,0,,,,3,,B,182,216,1,X,93,1030,.,,,1.0,NO BAG,2000
00IN04637,1999815640,Z5640,81,Z5640,99,2,ch,1,01,-0-,000044,764910,2,,,,1,,2,122,122,2,,,,h,BF,3,1.0,,2000
00IN04638,1999815647,Z5647,81,Z5647,99,1,ch,1,32,-0-,000044,224804,2,,,,1,Nax,Y,132,157,0,,,,h,,,1.0,,2000
00IN04639,1999815648,Z5648,81,Z5648,99,2,ch,1,32,-0-,000044,123604,2,,,,1,,2,140,141,2,,,,h,BF,3,1.0,,2000
00IN04640,1999815649,Z5649,81,Z5649,99,1,ch,1,32,-0-,000044,503444,2,,,,1,Nax,Y,111,141,0,,,,h,,,1.0,,2000
00IN04641,1999815650,Z5650,81,Z5650,99,1,ch,1,32,-0-,000044,503444,2,,,,1,Nax,Y,117,154,0,,,,h,,,1.0,,2000
00IN04642,1999815652,Z5652,81,Z5652,99,1,ch,1,00,-0-,000044,409081,2,,,,1,Nax,Y,147,179,0,,,,h,,,1.0,,2000
00IN04643,1999815655,Z5655,81,Z5655,99,1,ch,1,00,-0-,000044,433081,2,,,,1,Nax,Y,129,151,0,,,,c,,,1.0,,2000
00IN04644,1999815661,Z5661,81,Z5661,99,2,97,1,97,973,404981,494081,0,,,,6,,*,0,0,0,,08,0227,.,,,1.0,"GOITER,SL.",2000
00IN04645,1999815662,Z5662,81,Z5662,99,3,00,1,00,e11,932063,466981,2,,CN,,3,CPG,*,0,0,0,,93,0203,H,,,1.0,GOITER,2000
00IN04646,1999815664,Z5664,81,Z5664,99,3,00,1,00,56,930263,124204,2,,NN,,3,PIN,*,0,0,0,,93,0403,H,,,1.0,,2000
00IN04647,1999815665,Z5665,81,Z5665,99,3,00,1,00,56,930263,124204,2,,NN,,3,,*,0,0,0,,93,0110,H,,,1.0,,2000
00IN04648,1999815669,Z5669,81,Z5669,99,2,97,1,97,972,367981,328281,0,,,,1,MCF,B,167,207,1,,12,1210,M,972,1,1.0,,2000
00IN04649,1999815670,Z5670,81,Z5670,99,2,97,1,97,973,404981,489281,0,,,,6,,B,134,0,0,,08,0926,.,,,1.0,R. PROLAPSE,2000
00IN04650,1999815671,Z5671,81,Z5671,99,3,00,1,00,57,938563,131104,2,,NN,,3,,*,0,0,0,,93,0110,H,,,1.0,,2000
00IN04651,1999815672,Z5672,81,Z5672,99,3,00,1,00,57,938563,131104,2,,CN,,3,,*,0,0,0,,93,0110,H,,,1.0,,2000
00IN04652,1999815675,Z5675,81,Z5675,99,3,00,1,00,55,930163,337204,2,,NN,,3,,*,0,0,0,,93,0110,H,,,1.0,CLPG1,2000
00IN04653,1999815677,Z5677,81,Z5677,99,3,00,1,00,57,938563,329604,2,,CN,,3,CPG,*,0,0,0,,93,0203,H,,,1.0,,2000
00IN04654,1999815680,Z5680,81,Z5680,99,2,ch,1,00,-0-,000044,511544,2,,,,1,,2,121,118,1,,,,c,BF,3,1.0,,2000
00IN04655,1999815681,Z5681,81,Z5681,99,2,ch,1,00,-0-,000044,511544,2,,,,1,,1,130,139,1,,,,c,BF,3,1.0,ENTR,2000
00IN04656,1999815682,Z5682,81,Z5682,99,2,00,1,00,55,930163,239804,2,,NN,,3,,*,0,0,0,,93,0110,H,,,1.0,,2000
00IN04657,1999815684,Z5684,81,Z5684,99,3,00,1,00,55,930163,239804,2,,NN,,3,,*,0,0,0,,93,0110,H,,,1.0,,2000
00IN04658,1999815685,Z5685,81,Z5685,99,2,ch,1,32,-0-,000044,419781,2,,,,1,,2,132,152,1,,,,h,BF,3,1.0,,2000
00IN04659,1999815690,Z5690,81,Z5690,99,2,00,1,00,56,930263,329104,2,,NN,,3,,*,0,0,0,,93,0110,H,,,1.0,,2000
00IN04660,1999815691,Z5691,81,Z5691,99,1,ch,1,00,-0-,000044,412681,2,,,,1,Nax,Y,152,174,0,,,,h,,,1.0,,2000
00IN04661,1999815692,Z5692,81,Z5692,99,2,ch,1,00,-0-,000044,412681,2,,,,1,,2,106,122,2,,,,h,BF,3,1.0,"RP,DIARRHEA",2000
00IN04662,1999815694,Z5694,81,Z5694,99,3,00,1,00,56,930263,134704,2,,NN,,3,PIN,*,0,0,0,,93,0403,H,,,1.0,,2000
00IN04663,1999815698,Z5698,81,Z5698,99,2,ch,1,32,-0-,000044,425281,2,,,,1,,1,138,159,2,,,,h,BF,3,1.0,,2000
00IN04664,1999815699,Z5699,81,Z5699,99,1,ch,1,32,-0-,000044,425281,2,,,,1,Nax,Y,154,168,0,,,,h,,,1.0,,2000
00IN04665,1999815701,Z5701,81,Z5701,99,2,ch,1,00,-0-,000044,422581,2,,,,1,,2,110,125,2,,,,h,BF,3,1.0,,2000
00IN04666,1999815709,Z5709,81,Z5709,99,1,ch,1,32,-0-,000044,426581,2,,,,1,Nax,Y,141,161,0,,,,h,,,1.0,,2000
00IN04667,1999815710,Z5710,81,Z5710,99,1,ch,1,32,-0-,000044,426581,2,,,,1,Nax,Y,124,153,0,,,,h,,,1.0,,2000
00IN04668,1999815716,Z5716,81,Z5716,99,2,97,1,97,973,404981,490381,0,,,,1,,B,157,176,2,,,,.,971,1,1.0,,2000
00IN04669,1999815717,Z5717,81,Z5717,99,2,97,1,97,972,367981,363881,0,,,,1,MCF,5,186,220,1,,,,M,972,1,1.0,GOITER,2000
00IN04670,1999815719,Z5719,81,Z5719,99,3,00,1,00,55,930163,426181,2,,CN,,6,PIN,*,0,0,0,,95,0321,H,,,1.0,,2000
00IN04671,1999815720,Z5720,81,Z5720,99,2,00,1,00,55,930163,426181,2,,CN,,3,,*,0,0,0,,93,0110,H,,,1.0,,2000
00IN04672,1999815721,Z5721,81,Z5721,99,2,ch,1,32,-0-,000044,437481,2,,,,1,,5,113,139,1,,,,h,BF,3,1.0,,2000
00IN04673,1999815722,Z5722,81,Z5722,99,2,ch,1,32,-0-,000044,437481,2,,,,1,,2,116,123,2,,,,h,BF,3,1.0,,2000
00IN04674,1999815729,Z5729,81,Z5729,99,1,ch,1,01,-0-,000044,646810,2,,,,1,Nax,Y,135,157,0,,,,h,,,1.0,ENTR,2000
00IN04675,1999815735,Z5735,81,Z5735,99,2,ch,1,32,-0-,000044,415781,2,,,,1,,1,135,152,2,,,,h,BF,3,1.0,,2000
00IN04676,1999815736,Z5736,81,Z5736,99,2,ch,1,32,-0-,000044,415781,2,,,,1,,2,123,139,2,,,,h,BF,3,1.0,,2000
00IN04677,1999815739,Z5739,81,Z5739,99,3,00,1,00,55,930163,331604,2,,NN,,3,,*,0,0,0,,93,0110,H,,,1.0,,2000
00IN04678,1999815740,Z5740,81,Z5740,99,2,00,1,00,55,930163,331604,2,,CN,,3,,*,0,0,0,,93,0110,H,,,1.0,CLPG4,2000
00IN04679,1999815741,Z5741,81,Z5741,99,3,00,1,00,e11,932063,464981,2,,CN,,3,CPG,*,0,0,0,,93,0203,H,,,1.0,,2000
00IN04680,1999815743,Z5743,81,Z5743,99,2,00,1,00,57,938563,131404,2,,NN,,3,,*,0,0,0,,93,0110,H,,,1.0,HAIRY,2000
00IN04681,1999815744,Z5744,81,Z5744,99,3,00,1,00,57,938563,131404,2,,CN,,3,CPG,*,0,0,0,,93,0203,H,,,1.0,,2000
00IN04682,1999815745,Z5745,81,Z5745,99,1,ch,1,00,-0-,000044,413281,2,,,,1,Nax,Y,130,149,0,,,,h,,,1.0,FIX BIG TAG**,2000
00IN04683,1999815748,Z5748,81,Z5748,99,2,97,1,97,971,367781,401281,0,,,,1,,B,167,208,1,,,,.,971,1,1.0,NICE,2000
00IN04684,1999815756,Z5756,81,Z5756,99,2,ch,1,00,-0-,000044,422981,2,,,,1,,2,124,131,2,,,,c,BF,3,1.0,,2000
00IN04685,1999815758,Z5758,81,Z5758,99,3,00,1,00,56,930263,099004,2,,NN,,3,PIN,*,0,0,0,,93,0403,H,,,1.0,,2000
00IN04686,1999815759,Z5759,81,Z5759,99,3,00,1,00,56,930263,099004,2,,NN,,3,,*,0,0,0,,93,0110,H,,,1.0,THIN,2000
00IN04687,1999815760,Z5760,81,Z5760,99,3,00,1,00,56,930263,099004,2,,CN,,6,PIN,*,0,0,0,,95,0321,H,,,1.0,CN?,2000
00IN04688,1999815761,Z5761,81,Z5761,99,2,ch,1,32,-0-,000044,428244,2,,,,6,,*,0,0,0,,19,0101,h,,,1.0,Dead<2/8/2000,2000
00IN04689,1999815762,Z5762,81,Z5762,99,1,ch,1,32,-0-,000044,428244,2,,,,1,Nax,Y,143,169,0,,,,h,,,1.0,,2000
00IN04690,1999815763,Z5763,81,Z5763,99,2,ch,1,02,-0-,000044,534644,2,,,,1,,2,109,125,1,,,,h,BF,3,1.0,,2000
00IN04691,1999815764,Z5764,81,Z5764,99,2,ch,1,01,-0-,000044,544744,2,,,,1,,2,115,125,2,,,,h,BF,3,1.0,,2000
00IN04692,1999815765,Z5765,81,Z5765,99,2,ch,1,01,-0-,000044,544744,2,,,,1,,2,107,123,1,,,,h,BF,3,1.0,,2000
00IN04693,1999815776,Z5776,81,Z5776,99,2,ch,1,32,-0-,000044,423681,2,,,,3,,5,141,167,1,,93,1002,h,,,1.0,INFECT.VULVA,2000
00IN04694,1999815777,Z5777,81,Z5777,99,1,97,1,97,971,367781,399881,0,,,,1,,Y,206,247,0,,,,.,,,1.0,"ENTR,PNEU",2000
00IN04695,1999815778,Z5778,81,Z5778,99,2,ch,1,00,-0-,000044,393881,2,,,,1,,5,126,152,1,,,,c,BF,3,1.0,,2000
00IN04696,1999815780,Z5780,81,Z5780,99,3,00,1,00,55,930163,116904,2,,NN,,3,,*,0,0,0,,93,0110,H,,,1.0,,2000
00IN04697,1999815782,Z5782,81,Z5782,99,3,00,1,00,55,930163,530910,2,,NN,,3,,*,0,0,0,,93,0110,H,,,1.0,,2000
00IN04698,1999815798,Z5798,81,Z5798,99,1,97,1,97,974,405881,474081,0,,,,3,,*,0,0,0,X,93,0306,.,,,1.0,"X, RUNT",2000
00IN04699,1999815805,Z5805,81,Z5805,99,3,00,1,00,57,938563,437681,2,,CN,,6,PIN,*,0,0,0,,95,0321,H,,,1.0,HAIRY,2000
00IN04700,1999815816,Z5816,81,Z5816,99,3,00,1,00,57,938563,334604,2,,NN,,3,,*,0,0,0,,93,0110,H,,,1.0,,2000
00IN04701,1999815817,Z5817,81,Z5817,99,3,00,1,00,57,938563,334604,2,,NN,,3,PIN,*,0,0,0,,93,0403,H,,,1.0,,2000
00IN04702,1999815818,Z5818,81,Z5818,99,1,ch,1,02,-0-,000044,501044,2,,,,1,Nax,Y,146,174,0,,,,h,,,1.0,,2000
00IN04703,1999815819,Z5819,81,Z5819,99,1,ch,1,02,-0-,000044,501044,2,,,,1,Nax,Y,146,180,0,,,,h,,,1.0,,2000
00IN04704,1999815840,Z5840,81,Z5840,99,2,00,1,10,32,000081,443910,7,,,,7,,3,142,0,0,,97,0929,F,,,1.0,,2000
00IN04705,1999815849,Z5849,81,Z5849,99,2,00,1,10,24,000081,659610,7,,,,U,,3,141,156,2,,,,M,U,A,1.0,ENTR,2000
00IN04706,1999815854,Z5854,81,Z5854,99,2,00,1,10,24,000081,511110,7,,,,U,,3,122,128,2,,,,M,U,A,1.0,,2000
00IN04707,1999815857,Z5857,81,Z5857,99,2,97,1,97,972,367981,286581,0,,,,1,MCF,B,157,169,2,,,,M,972,1,1.0,"JAW5,PNEU",2000
00IN04708,1999815873,Z5873,81,Z5873,99,2,00,1,SC,02-,000081,665863,7,,,,3,GXE,5,157,207,2,,93,1002,.,,,1.0,GET for LIM *,2000
00IN04709,1999815885,Z5885,81,Z5885,99,2,97,1,97,WSU,356981,388981,0,,,,3,MCF,*,0,0,0,,93,0110,M,,,1.0,NICE,2000
00IN04710,1999815888,Z5888,81,Z5888,99,2,00,1,10,24,000081,553110,7,,,,U,,3,133,143,4,,,,M,U,A,1.0,,2000
00IN04711,1999815907,Z5907,81,Z5907,99,2,00,1,SC,06-,000081,842863,7,,,,U,GXE,3,144,152,2,,,,.,U,A,1.0,GET for LIM *,2000
00IN04712,1999815923,Z5923,81,Z5923,99,2,00,1,10,32,000081,233310,7,,,,U,,3,133,132,2,,,,F,U,A,1.0,,2000
00IN04713,1999815930,Z5930,81,Z5930,99,2,00,1,10,12,000081,632810,7,,,,U,,3,131,136,2,,,,R,U,A,1.0,,2000
00IN04714,1999815944,Z5944,81,Z5944,99,3,97,1,97,WSU,356981,390181,0,,,,3,MCF,*,0,0,0,,93,0110,M,,,1.0,wether,2000
00IN04715,1999815945,Z5945,81,Z5945,99,2,97,1,97,WSU,356981,390181,0,,,,3,MCF,*,0,0,0,,93,0110,M,,,1.0,,2000
00IN04716,1999815947,Z5947,81,Z5947,99,2,00,1,10,32,000081,641210,7,,,,U,,3,122,133,2,,,,F,U,A,1.0,,2000
00IN04717,1999815957,Z5957,81,Z5957,99,2,97,1,97,WSU,356981,391181,0,,,,1,MCF,B,147,161,1,,,,M,971,1,1.0,,2000
00IN04718,1999815977,Z5977,81,Z5977,99,2,00,1,20,892,000081,637444,7,,,,3,LIM,5,123,146,1,,93,1002,C,,,1.0,,2000
00IN04719,1999815982,Z5982,81,Z5982,99,2,00,1,20,412,000081,588944,7,,,,U,,3,131,140,2,,,,M,U,A,1.0,RP ok,2000
00IN04720,1999815984,Z5984,81,Z5984,99,2,00,1,20,e.P,000081,678044,7,,,,U,PUB,3,115,128,2,,,,P,U,A,1.0,DYSTOCIA ok,2000
00IN04721,1999815985,Z5985,81,Z5985,99,2,00,1,20,e.P,000081,687344,7,,,,U,PUB,3,119,137,2,,,,P,U,A,1.0,,2000
00IN04722,1999815989,Z5989,81,Z5989,99,2,00,1,10,32,000081,466910,7,,,,U,,3,144,143,2,,,,F,U,A,1.0,STRAINING,2000
00IN04723,1999816004,Z6004,81,Z6004,99,2,00,1,20,892,000081,446444,7,,,,U,,3,132,137,2,,,,C,U,A,1.0,DYSTOCIA,2000
00IN04724,1999816005,Z6005,81,Z6005,99,2,00,1,20,e.P,000081,685544,7,,,,3,PUB,5,114,144,1,,93,1002,P,,,1.0,,2000
00IN04725,1999816006,Z6006,81,Z6006,99,2,00,1,20,e.P,000081,691844,7,,,,U,PUB,3,121,125,1,,,,P,U,A,1.0,,2000
00IN04726,1999816014,Z6014,81,Z6014,99,2,00,1,20,e.P,000081,668644,7,,,,U,PUB,3,183,171,2,,,,P,U,A,1.0,,2000
00IN04727,1999816025,Z6025,81,Z6025,99,2,00,1,20,e.P,000081,680144,7,,,,3,PUB,5,124,149,1,,93,1002,P,,,1.0,,2000
00IN04728,1999816026,Z6026,81,Z6026,99,2,00,1,20,e.P,000081,668044,7,,,,7,PUB,3,137,0,0,,97,0929,P,,,1.0,4TEATS,2000
00IN04729,1999816031,Z6031,81,Z6031,99,2,00,1,SC,01,000081,818963,7,,,,U,LIM,3,143,150,2,,,,.,U,A,1.0,,2000
00IN04730,1999816050,Z6050,81,Z6050,99,2,00,1,20,e.P,000081,693744,7,,,,U,PUB,3,170,167,2,,,,P,U,A,1.0,,2000
00IN04731,1999816056,Z6056,81,Z6056,99,2,00,1,20,413,000081,613344,7,,,,U,,3,149,151,2,,,,M,U,A,1.0,,2000
00IN04732,1999046129,A6129,04,A6129,99,1,00,1,33,.0.,000063,427704,0,,,,3,X,Y,174,201,,X,93,0812,,,,1.0,"X,C x P Xbred",2000
00IN04733,1999046642,A6642,04,A6642,99,1,88,1,30,41-,444104,356504,7,,,,1,Nax,Y,145,189,0,,,,.,,,1.0,"X, SM.TSTS",2000
00IN04734,1993040212,A0212,04,A0212,93,2,TT,1,30,R-0,000003,547103,2,,,,3,OVX,*,0,0,0,X,,,,,,7.0,OVX,2000
00IN04735,         0,I0093,,I0093,00,1,97,1,97,,MAYS,DAVIS,I,,,,1,DAV,*,0,0,0,,,,,,,0.5,IDZ23 - 339,2000
00IN04736,         0,I3116,,I3116,00,1,97,1,97,,CARAS,COBY,I,,,,6,DAV,*,0,0,0,,01,0624,,,,0.5,IDZ23 - 340,2000
00IN04737,         0,I9221,,I9221,99,1,ID,1,02,,,,I,,MSU,1,1,MSU,Y,225,253,0,I,,,I,,,1.0,Montana State,2000
